#CHROM	POS	UNDEFINED	homozygote_wt	homo/hetero_mt
chr4	1806167	2	0	87
chr4	54274888	3	0	86
chr9	130862898	4	0	85
chr17	7676154	6	0	83
chr5	150054034	6	0	83
chr10	43118395	7	0	82
chr5	150054033	7	0	82
chr13	28036046	11	0	78
chr5	112840073	11	0	78
chr17	76612365	16	0	73
chr7	55181370	18	0	71
chr17	76612331	19	0	70
chr19	1220477	24	0	65
chr5	171410509	26	1	62
chr4	55114072	29	0	60
chr12	131260199	30	0	59
chr10	121498435	31	0	58
chr11	534242	36	0	53
chr17	38547286	36	0	53
chr17	38547288	36	0	53
chr15	74023178	38	0	51
chr5	90331321	38	0	51
chr8	122898840	39	0	50
chr9	22006265	40	0	49
chr4	1803976	43	0	46
chr9	22006260	43	0	46
chr4	55106807	49	0	40
chr7	2721116	49	0	40
chr22	20124611	50	0	39
chr10	43120185	52	0	37
chr10	34205977	53	0	36
chr13	28018438	45	10	34
chr4	54736595	56	0	33
chr9	89356778	56	0	33
chr2	208248373	58	0	31
chr9	77794449	58	1	30
chr4	54727383	60	0	29
chr19	1220322	61	0	28
chr12	131260221	62	0	27
chr22	23834100	62	0	27
chr2	211947372	63	0	26
chr17	36057789	64	0	25
chr18	51065423	64	0	25
chr2	211713654	67	0	22
chr3	179199217	67	0	22
chr4	1807152	63	4	22
chr4	146114007	68	0	21
chr10	121520203	70	0	19
chr13	28018438	70	0	19
chr3	49564071	70	0	19
chr9	33675752	70	0	19
chr11	108365566	71	0	18
chr3	10142185	71	0	18
chr3	10142186	71	0	18
chr3	10142187	71	0	18
chr1	6890691	72	0	17
chr3	10142188	72	0	17
chr3	179234337	72	0	17
chr4	54285873	72	0	17
chr6	30657846	72	0	17
chr7	2721184	72	0	17
chr11	108252897	73	0	16
chr13	28028155	73	0	16
chr8	122898912	73	0	16
chr8	122898914	73	0	16
chr16	64573325	74	0	15
chr2	211725025	74	1	14
chr22	40586941	75	0	14
chr3	10142190	76	0	13
chr3	49564010	76	0	13
chr4	54727315	76	0	13
chr4	54727407	74	2	13
chr6	31386510	60	16	13
chr7	2721082	76	0	13
chr8	122898873	76	0	13
chr2	208248468	77	0	12
chr4	1807152	76	1	12
chr4	54727298	77	0	12
chr5	179311577	77	0	12
chr6	31386405	77	0	12
chr9	33676096	77	0	12
chr14	56116703	78	0	11
chr4	152324247	67	11	11
chr6	54770619	78	0	11
chr2	211725161	79	0	10
chr10	43118333	80	0	9
chr14	99013044	80	0	9
chr15	42132043	80	0	9
chr17	39725202	80	0	9
chr18	51059974	80	0	9
chr7	116699618	80	0	9
chr2	208248389	80	1	8
chr22	40586943	81	0	8
chr22	40586944	81	0	8
chr4	1803866	80	1	8
chr6	31386388	81	0	8
chr6	31386390	81	0	8
chr6	31386506	80	1	8
chr7	155214575	81	0	8
chr7	155214578	81	0	8
chr9	33676175	81	0	8
chr10	121515338	82	0	7
chr10	121515339	82	0	7
chr11	837084	82	0	7
chr17	39963476	82	0	7
chr22	40586900	82	0	7
chr3	179209622	82	0	7
chr4	152326231	82	0	7
chr4	55080004	82	0	7
chr4	55080187	82	0	7
chr6	30657851	81	1	7
chr6	31386508	82	0	7
chr7	116771936	82	0	7
chr11	34138612	83	0	6
chr17	39724102	83	0	6
chr4	1803846	83	0	6
chr5	106904450	83	0	6
chr6	30657848	83	0	6
chr7	55143342	79	4	6
chr10	43121989	84	0	5
chr12	131260218	84	0	5
chr15	90225727	84	0	5
chr17	36057733	84	0	5
chr20	48686904	84	0	5
chr3	179234341	84	0	5
chr4	1806195	84	0	5
chr5	106904442	84	0	5
chr7	116700208	84	0	5
chr10	41710605	85	0	4
chr10	41710686	85	0	4
chr10	41710702	85	0	4
chr10	87952076	85	0	4
chr11	114530477	85	0	4
chr12	131260251	85	0	4
chr15	42132116	85	0	4
chr16	1162279	85	0	4
chr16	1162281	85	0	4
chr16	88479268	85	0	4
chr17	7676054	85	0	4
chr19	1220336	85	0	4
chr1	98367249	85	0	4
chr20	17618324	85	0	4
chr5	106904423	85	0	4
chr5	106904426	85	0	4
chr5	179311602	85	0	4
chr5	62694655	85	0	4
chr7	116771869	85	0	4
chr7	55181414	85	0	4
chr10	41710672	86	0	3
chr10	41710857	86	0	3
chr11	108267276	86	0	3
chr11	108267314	86	0	3
chr11	61496238	86	0	3
chr1	185000086	86	0	3
chr1	185000087	86	0	3
chr13	48453004	86	0	3
chr13	79037721	86	0	3
chr17	43859190	86	0	3
chr17	7674892	86	0	3
chr19	3118882	86	0	3
chr20	17618281	86	0	3
chr2	219038443	86	0	3
chr22	39430783	86	0	3
chr3	179234343	83	3	3
chr4	54278032	86	0	3
chr5	106904476	86	0	3
chr5	106904480	86	0	3
chr5	112840031	38	48	3
chr5	171410505	84	2	3
chr5	171410507	85	1	3
chr5	177536754	86	0	3
chr5	177536755	86	0	3
chr5	177536756	86	0	3
chr5	177536757	86	0	3
chr5	177536758	86	0	3
chr6	31386461	86	0	3
chr6	54770600	86	0	3
chr7	116783346	82	4	3
chr7	55154077	86	0	3
chr7	55154078	86	0	3
chr7	55154079	86	0	3
chr8	144499577	86	0	3
chr8	144499590	86	0	3
chr9	77794448	86	0	3
chr9	89356637	85	1	3
chr9	89356643	85	1	3
chr9	89356646	86	0	3
chr10	34205871	87	0	2
chr10	3660885	87	0	2
chr10	4120573	87	0	2
chr10	41710614	87	0	2
chr10	41710615	87	0	2
chr10	41710621	87	0	2
chr10	41710622	87	0	2
chr10	41710626	87	0	2
chr10	41710631	87	0	2
chr10	41710678	87	0	2
chr10	41710680	87	0	2
chr10	41710681	87	0	2
chr10	41710744	87	0	2
chr10	41710826	87	0	2
chr10	41710855	87	0	2
chr10	43114467	87	0	2
chr10	43114546	87	0	2
chr10	87925571	86	1	2
chr10	90084492	87	0	2
chr10	90084498	87	0	2
chr10	90084535	87	0	2
chr10	90084543	87	0	2
chr11	108267315	87	0	2
chr11	108302899	79	8	2
chr11	5960371	87	0	2
chr11	5960409	87	0	2
chr11	5960432	87	0	2
chr11	5960450	87	0	2
chr11	5960461	87	0	2
chr11	5960469	87	0	2
chr1	185000114	87	0	2
chr12	111956723	87	0	2
chr12	131260246	87	0	2
chr12	132776236	87	0	2
chr1	219609873	87	0	2
chr1	219609874	87	0	2
chr12	52319191	87	0	2
chr13	108965567	87	0	2
chr13	48452966	87	0	2
chr13	48463798	87	0	2
chr13	79037669	87	0	2
chr14	21516256	87	0	2
chr14	33471830	87	0	2
chr15	74023242	87	0	2
chr15	90088605	87	0	2
chr15	90088607	87	0	2
chr16	1162255	87	0	2
chr16	1162376	87	0	2
chr16	1162378	87	0	2
chr16	1162379	87	0	2
chr16	71616012	87	0	2
chr16	71616015	87	0	2
chr16	71616016	87	0	2
chr16	71616020	87	0	2
chr16	71616035	87	0	2
chr16	71616038	87	0	2
chr17	38547336	87	0	2
chr17	76612374	87	0	2
chr17	7673771	87	0	2
chr17	7674250	87	0	2
chr17	7675157	87	0	2
chr17	7675310	87	0	2
chr17	7676103	87	0	2
chr18	51058326	87	0	2
chr18	51058330	87	0	2
chr19	1206962	87	0	2
chr19	1221235	87	0	2
chr19	17834887	87	0	2
chr19	19121060	87	0	2
chr1	98367268	87	0	2
chr20	17618298	87	0	2
chr20	17618307	86	1	2
chr20	37403369	87	0	2
chr2	126778834	87	0	2
chr2	211713666	87	0	2
chr2	211788038	87	0	2
chr22	23834088	87	0	2
chr22	40586897	87	0	2
chr22	42628464	87	0	2
chr2	92081680	87	0	2
chr2	92081686	87	0	2
chr3	41224548	87	0	2
chr3	47887510	87	0	2
chr3	47887524	87	0	2
chr3	47887906	87	0	2
chr3	47887914	87	0	2
chr3	47887924	87	0	2
chr3	47887953	87	0	2
chr3	49564059	87	0	2
chr4	152328200	87	0	2
chr4	1803841	87	0	2
chr4	1803974	87	0	2
chr4	54695508	87	0	2
chr4	54731385	87	0	2
chr4	54731386	87	0	2
chr4	54731387	87	0	2
chr4	55096378	87	0	2
chr4	55114162	87	0	2
chr4	84601478	87	0	2
chr4	84601837	87	0	2
chr4	84601853	87	0	2
chr4	84601854	87	0	2
chr5	112838920	87	0	2
chr5	112838974	87	0	2
chr5	112839476	87	0	2
chr5	112839567	87	0	2
chr5	180374451	87	0	2
chr7	2605045	87	0	2
chr7	2605052	87	0	2
chr7	30580795	87	0	2
chr7	30580801	87	0	2
chr7	30580815	87	0	2
chr7	30580816	87	0	2
chr7	30580817	87	0	2
chr7	30580820	87	0	2
chr7	30580830	87	0	2
chr7	30580833	87	0	2
chr7	30580835	87	0	2
chr7	30580836	87	0	2
chr7	30580837	87	0	2
chr7	55154162	87	0	2
chr7	55173935	82	5	2
chr8	110809713	86	1	2
chr8	110809814	87	0	2
chr8	143789031	87	0	2
chr9	123353826	87	0	2
chr9	123353841	87	0	2
chr9	135604546	87	0	2
chr9	33675818	87	0	2
chr9	33676152	87	0	2
chr9	89356630	87	0	2
chr10	121498497	88	0	1
chr10	121515286	88	0	1
chr10	121519993	88	0	1
chr10	132260374	88	0	1
chr10	132260379	88	0	1
chr10	132260383	88	0	1
chr10	132260389	88	0	1
chr10	2537891	88	0	1
chr10	34205882	88	0	1
chr10	3660777	88	0	1
chr10	3660849	88	0	1
chr10	3660949	88	0	1
chr10	3661014	88	0	1
chr10	4120557	88	0	1
chr10	4120565	88	0	1
chr10	41710561	88	0	1
chr10	41710563	88	0	1
chr10	41710572	88	0	1
chr10	41710583	88	0	1
chr10	41710624	88	0	1
chr10	41710630	88	0	1
chr10	41710633	88	0	1
chr10	41710644	88	0	1
chr10	41710652	88	0	1
chr10	41710653	88	0	1
chr10	41710662	88	0	1
chr10	41710701	88	0	1
chr10	41710733	88	0	1
chr10	41710776	88	0	1
chr10	41710782	88	0	1
chr10	41710783	88	0	1
chr10	41710787	88	0	1
chr10	41710788	88	0	1
chr10	41710790	88	0	1
chr10	41710824	88	0	1
chr10	41710827	87	1	1
chr10	41710828	88	0	1
chr10	41710866	88	0	1
chr10	41710867	88	0	1
chr10	43114575	88	0	1
chr10	43118440	88	0	1
chr10	43120146	88	0	1
chr10	43121883	88	0	1
chr10	78923759	88	0	1
chr10	87925552	88	0	1
chr10	87933132	88	0	1
chr10	87961006	88	0	1
chr10	87961095	88	0	1
chr10	89298299	88	0	1
chr10	89298300	88	0	1
chr10	90084514	88	0	1
chr10	90084525	88	0	1
chr10	90084536	86	2	1
chr10	90084544	87	1	1
chr10	90084547	88	0	1
chr10	90084548	87	1	1
chr10	90084549	87	1	1
chr10	90084552	88	0	1
chr10	90084553	87	1	1
chr10	90084556	88	0	1
chr10	90084557	87	1	1
chr10	90084558	87	1	1
chr11	102754867	88	0	1
chr11	108247045	88	0	1
chr11	108249096	88	0	1
chr11	108284420	88	0	1
chr11	108302913	88	0	1
chr11	108302988	88	0	1
chr11	108302989	88	0	1
chr11	108310195	88	0	1
chr11	108330195	88	0	1
chr11	108365356	88	0	1
chr11	108365499	88	0	1
chr11	117459834	88	0	1
chr11	117459906	88	0	1
chr11	120580383	88	0	1
chr1	114709660	88	0	1
chr1	114713906	88	0	1
chr11	2205237	87	1	1
chr11	2205268	88	0	1
chr11	2212221	88	0	1
chr11	2212255	88	0	1
chr11	34138570	88	0	1
chr1	146037547	88	0	1
chr1	146037550	88	0	1
chr11	534292	88	0	1
chr11	534293	87	1	1
chr1	154510546	88	0	1
chr1	155766864	88	0	1
chr1	155766928	88	0	1
chr11	5960394	88	0	1
chr11	5960417	88	0	1
chr11	5960429	88	0	1
chr11	5960440	88	0	1
chr11	5960460	88	0	1
chr11	61496228	88	0	1
chr11	65581948	88	0	1
chr11	65581951	88	0	1
chr11	65581953	88	0	1
chr11	65581961	88	0	1
chr11	65581970	88	0	1
chr11	65581972	88	0	1
chr11	65581982	88	0	1
chr11	65581983	88	0	1
chr11	66368693	88	0	1
chr1	17094198	88	0	1
chr11	837075	88	0	1
chr11	837090	88	0	1
chr11	837111	88	0	1
chr1	185000055	88	0	1
chr1	185000071	88	0	1
chr1	185000109	88	0	1
chr1	185000110	88	0	1
chr1	185000117	88	0	1
chr1	185000118	88	0	1
chr1	185000119	88	0	1
chr1	185000121	88	0	1
chr1	185000125	88	0	1
chr1	185000129	88	0	1
chr11	91922213	88	0	1
chr11	91922254	88	0	1
chr11	91922273	88	0	1
chr1	19327313	88	0	1
chr1	19327322	88	0	1
chr1	19327344	88	0	1
chr1	19327354	88	0	1
chr1	19327356	88	0	1
chr1	19327358	88	0	1
chr1	19327374	88	0	1
chr1	19327377	88	0	1
chr1	202318810	88	0	1
chr12	110211270	88	0	1
chr12	110211273	88	0	1
chr12	110211292	88	0	1
chr12	110211297	88	0	1
chr12	110211301	88	0	1
chr12	111956686	88	0	1
chr12	111956694	88	0	1
chr12	111956714	88	0	1
chr12	112450361	88	0	1
chr12	112450384	88	0	1
chr12	120993596	88	0	1
chr12	120994194	87	1	1
chr12	120994195	85	3	1
chr1	221094092	88	0	1
chr1	221094199	88	0	1
chr12	21150727	88	0	1
chr12	21150735	88	0	1
chr12	21150739	88	0	1
chr12	21150742	88	0	1
chr12	21150744	88	0	1
chr12	21150747	88	0	1
chr12	21150772	88	0	1
chr12	25225671	88	0	1
chr12	25227408	88	0	1
chr12	25245350	88	0	1
chr12	29182234	88	0	1
chr1	239864431	88	0	1
chr1	239864432	88	0	1
chr1	239864436	88	0	1
chr1	239864439	88	0	1
chr1	239864440	88	0	1
chr1	239864441	88	0	1
chr1	239864448	88	0	1
chr1	239864450	88	0	1
chr1	239864453	88	0	1
chr1	239864456	88	0	1
chr1	239864459	88	0	1
chr12	70460795	88	0	1
chr1	27635666	88	0	1
chr1	27635673	88	0	1
chr1	27635687	88	0	1
chr12	94123326	88	0	1
chr13	108965555	88	0	1
chr13	108965556	87	1	1
chr13	108965568	87	1	1
chr13	108965613	88	0	1
chr13	108965648	88	0	1
chr13	109012323	88	0	1
chr13	112962867	88	0	1
chr13	112962917	88	0	1
chr13	19365576	88	0	1
chr13	19365584	88	0	1
chr13	28028182	88	0	1
chr13	28028217	88	0	1
chr13	28028246	88	0	1
chr13	28034116	88	0	1
chr13	32410304	88	0	1
chr13	32410308	88	0	1
chr13	32410319	88	0	1
chr13	32410322	88	0	1
chr13	48349007	88	0	1
chr13	48367459	88	0	1
chr13	48367614	88	0	1
chr13	48379668	88	0	1
chr13	48381409	88	0	1
chr13	48381460	88	0	1
chr13	48381887	88	0	1
chr13	48381888	88	0	1
chr13	48381899	88	0	1
chr13	48381916	88	0	1
chr13	48453068	88	0	1
chr13	48453069	88	0	1
chr13	48453070	88	0	1
chr13	48459693	88	0	1
chr13	79037648	88	0	1
chr13	79037651	88	0	1
chr13	79037658	88	0	1
chr13	79037660	88	0	1
chr13	79037663	88	0	1
chr13	79037665	88	0	1
chr13	79037682	88	0	1
chr13	79037687	88	0	1
chr13	79037700	88	0	1
chr13	79037707	88	0	1
chr13	79037725	88	0	1
chr13	79037736	88	0	1
chr13	79037737	88	0	1
chr13	79037744	88	0	1
chr13	79037752	88	0	1
chr13	79037759	88	0	1
chr13	86185373	88	0	1
chr13	98176814	88	0	1
chr1	40953787	88	0	1
chr1	40953788	88	0	1
chr1	40953796	88	0	1
chr14	21516343	88	0	1
chr14	23497913	88	0	1
chr14	23707334	88	0	1
chr14	23707359	88	0	1
chr14	33471831	87	1	1
chr14	33758368	88	0	1
chr14	35332441	88	0	1
chr14	35332586	88	0	1
chr14	38256487	88	0	1
chr14	38256505	88	0	1
chr1	4553517	88	0	1
chr14	56116658	88	0	1
chr14	56116669	88	0	1
chr14	56116686	88	0	1
chr14	57937136	88	0	1
chr14	57937155	88	0	1
chr14	57937156	88	0	1
chr14	57937161	88	0	1
chr14	57937167	88	0	1
chr14	57937170	88	0	1
chr14	57937171	88	0	1
chr14	57937182	88	0	1
chr1	47637319	88	0	1
chr1	47637420	88	0	1
chr14	84403239	88	0	1
chr14	84403385	88	0	1
chr14	84403386	88	0	1
chr14	93231139	88	0	1
chr14	99012958	88	0	1
chr14	99012966	88	0	1
chr14	99012970	88	0	1
chr14	99013005	88	0	1
chr14	99013022	88	0	1
chr14	99013037	88	0	1
chr14	99232127	88	0	1
chr15	27769896	88	0	1
chr15	34763568	88	0	1
chr15	34763625	88	0	1
chr15	40106553	88	0	1
chr15	40266543	88	0	1
chr15	42132058	88	0	1
chr15	42132059	87	1	1
chr15	42132062	88	0	1
chr15	42132111	88	0	1
chr15	42132125	88	0	1
chr15	42132138	88	0	1
chr15	42132143	88	0	1
chr15	42132172	88	0	1
chr15	52443887	88	0	1
chr15	52443890	88	0	1
chr15	52443896	88	0	1
chr15	52443920	88	0	1
chr15	58930156	88	0	1
chr15	74023131	88	0	1
chr15	74023191	88	0	1
chr15	74023213	88	0	1
chr15	74023216	88	0	1
chr15	90088727	88	0	1
chr15	90225739	88	0	1
chr15	90225750	88	0	1
chr15	90225786	88	0	1
chr15	90225789	88	0	1
chr15	95528768	88	0	1
chr15	99414943	88	0	1
chr16	1162305	88	0	1
chr16	1162332	88	0	1
chr16	14301451	88	0	1
chr16	20524822	88	0	1
chr16	28611929	88	0	1
chr16	28611935	88	0	1
chr16	28611937	88	0	1
chr16	3151239	88	0	1
chr16	3151244	88	0	1
chr16	58590717	88	0	1
chr16	58590719	88	0	1
chr16	64573333	88	0	1
chr16	64573336	88	0	1
chr16	64573338	88	0	1
chr16	64573361	88	0	1
chr16	64573368	88	0	1
chr16	68813328	88	0	1
chr16	88479236	88	0	1
chr17	12828729	88	0	1
chr17	12828730	88	0	1
chr17	12828745	88	0	1
chr17	12828751	88	0	1
chr17	2291253	88	0	1
chr17	2291262	88	0	1
chr17	2291266	88	0	1
chr17	2291272	88	0	1
chr17	36057701	82	6	1
chr17	36057777	88	0	1
chr17	38489749	88	0	1
chr17	39724698	88	0	1
chr17	39963489	88	0	1
chr17	39963497	88	0	1
chr17	39963517	88	0	1
chr17	39963524	88	0	1
chr17	39963557	88	0	1
chr17	43859184	88	0	1
chr17	43925280	88	0	1
chr17	43925296	88	0	1
chr17	43925297	88	0	1
chr17	43925298	88	0	1
chr17	43925309	88	0	1
chr17	43925314	88	0	1
chr17	43925315	88	0	1
chr17	43925317	88	0	1
chr17	43925337	88	0	1
chr17	4477298	88	0	1
chr17	61405508	88	0	1
chr17	61405522	88	0	1
chr17	65615232	88	0	1
chr17	65615237	88	0	1
chr17	65615250	88	0	1
chr17	76612343	88	0	1
chr17	76612389	88	0	1
chr17	76612393	88	0	1
chr17	7670614	88	0	1
chr17	7673796	88	0	1
chr17	7673803	88	0	1
chr17	7674202	88	0	1
chr17	7674245	88	0	1
chr17	7675051	88	0	1
chr17	7675088	88	0	1
chr17	7676148	88	0	1
chr17	7676152	88	0	1
chr17	7676625	88	0	1
chr17	78371383	88	0	1
chr17	78371386	88	0	1
chr17	82027009	88	0	1
chr17	82027082	88	0	1
chr1	80606771	88	0	1
chr1	80606778	88	0	1
chr18	13234739	88	0	1
chr18	25565561	88	0	1
chr18	35183429	88	0	1
chr18	35183432	88	0	1
chr18	35183433	88	0	1
chr18	47872624	88	0	1
chr18	51054882	88	0	1
chr18	51058320	88	0	1
chr18	51058327	87	1	1
chr18	51058331	88	0	1
chr18	77295997	88	0	1
chr18	77296001	88	0	1
chr1	8990409	88	0	1
chr1	8990413	88	0	1
chr1	8990415	88	0	1
chr19	1206957	88	0	1
chr19	1206958	88	0	1
chr19	1207084	88	0	1
chr19	12179536	88	0	1
chr19	1220317	88	0	1
chr19	1220392	88	0	1
chr19	1220418	88	0	1
chr19	1220430	88	0	1
chr19	1220526	88	0	1
chr19	1220537	88	0	1
chr19	1220545	88	0	1
chr19	1221265	88	0	1
chr19	1223024	88	0	1
chr19	1223116	88	0	1
chr19	17837271	88	0	1
chr19	17843401	88	0	1
chr19	19121085	87	1	1
chr19	19121089	88	0	1
chr19	19121109	88	0	1
chr19	28468924	88	0	1
chr19	3118936	87	1	1
chr19	32818283	88	0	1
chr19	32818330	88	0	1
chr19	37531451	88	0	1
chr19	37531454	88	0	1
chr19	41810165	88	0	1
chr19	49521738	88	0	1
chr19	49521741	88	0	1
chr19	49521773	88	0	1
chr19	49521781	88	0	1
chr19	51510664	88	0	1
chr19	51510694	88	0	1
chr19	55455898	88	0	1
chr19	55455955	88	0	1
chr19	55455959	88	0	1
chr19	55455960	88	0	1
chr19	55455961	88	0	1
chr19	55455969	88	0	1
chr19	55455970	88	0	1
chr19	55455985	88	0	1
chr1	981680	88	0	1
chr1	98367270	88	0	1
chr20	17618275	88	0	1
chr20	17618276	88	0	1
chr20	17618296	88	0	1
chr20	17618305	88	0	1
chr20	17618306	87	1	1
chr20	48686877	88	0	1
chr20	62820323	88	0	1
chr20	62820326	88	0	1
chr20	62820333	88	0	1
chr20	62820349	88	0	1
chr20	62820350	88	0	1
chr2	131027089	88	0	1
chr21	36285225	88	0	1
chr21	36285248	88	0	1
chr21	36285249	88	0	1
chr21	44944999	88	0	1
chr2	16155859	88	0	1
chr2	16155866	88	0	1
chr2	208248388	88	0	1
chr2	208248489	88	0	1
chr2	208248492	88	0	1
chr2	211713661	88	0	1
chr2	211713668	88	0	1
chr2	211713679	88	0	1
chr2	219038406	88	0	1
chr2	219038414	88	0	1
chr22	19962631	88	0	1
chr22	19962632	88	0	1
chr22	19962633	88	0	1
chr22	20124586	88	0	1
chr22	20168475	88	0	1
chr22	20419302	88	0	1
chr22	20426841	88	0	1
chr22	20426851	88	0	1
chr22	20426852	88	0	1
chr22	20426855	88	0	1
chr22	22344686	88	0	1
chr22	23803319	88	0	1
chr22	23834068	88	0	1
chr22	23834119	88	0	1
chr22	23834166	88	0	1
chr22	37768362	88	0	1
chr22	39430812	88	0	1
chr22	39430822	88	0	1
chr2	240467100	88	0	1
chr22	40586891	88	0	1
chr22	40586906	88	0	1
chr22	42628474	88	0	1
chr22	44519149	88	0	1
chr22	44519180	88	0	1
chr22	46401547	88	0	1
chr22	46401555	88	0	1
chr22	47408617	88	0	1
chr2	28642471	88	0	1
chr2	29209831	88	0	1
chr2	29209832	88	0	1
chr2	29220817	88	0	1
chr2	49296128	88	0	1
chr2	78760112	88	0	1
chr2	87521363	88	0	1
chr2	92081494	88	0	1
chr2	92081501	88	0	1
chr2	92081518	88	0	1
chr2	92081529	88	0	1
chr2	92081534	88	0	1
chr2	92081535	88	0	1
chr2	92081554	88	0	1
chr2	92081568	88	0	1
chr2	92081577	88	0	1
chr2	92081588	88	0	1
chr2	92081630	88	0	1
chr2	92081641	88	0	1
chr2	92081645	88	0	1
chr2	92081653	88	0	1
chr2	92081663	88	0	1
chr2	92081667	88	0	1
chr2	92081671	88	0	1
chr2	92081689	88	0	1
chr2	92081696	88	0	1
chr2	92081702	88	0	1
chr2	92081704	88	0	1
chr2	92081706	88	0	1
chr2	92081715	88	0	1
chr2	92081718	88	0	1
chr2	92081725	88	0	1
chr2	92081732	88	0	1
chr2	92081733	88	0	1
chr2	92081751	88	0	1
chr2	92081753	88	0	1
chr2	92081765	88	0	1
chr2	92081777	88	0	1
chr2	92081778	88	0	1
chr2	92081788	88	0	1
chr2	92081790	88	0	1
chr2	92081794	88	0	1
chr2	92081801	88	0	1
chr2	92081808	88	0	1
chr2	9388473	88	0	1
chr3	10142070	88	0	1
chr3	10142138	88	0	1
chr3	10142182	88	0	1
chr3	10149748	88	0	1
chr3	10149780	88	0	1
chr3	126496421	88	0	1
chr3	13185395	88	0	1
chr3	13185478	88	0	1
chr3	140728896	88	0	1
chr3	140728905	88	0	1
chr3	140728906	88	0	1
chr3	156100244	88	0	1
chr3	156100251	88	0	1
chr3	156100255	88	0	1
chr3	156100273	88	0	1
chr3	156100291	88	0	1
chr3	156100305	88	0	1
chr3	179198975	87	1	1
chr3	179199001	88	0	1
chr3	179209701	88	0	1
chr3	179210164	88	0	1
chr3	179210166	88	0	1
chr3	179218253	88	0	1
chr3	179218306	88	0	1
chr3	179234232	88	0	1
chr3	179234353	88	0	1
chr3	41224611	88	0	1
chr3	47887528	88	0	1
chr3	47887853	88	0	1
chr3	47887935	88	0	1
chr3	49564057	88	0	1
chr4	111768479	88	0	1
chr4	111768517	88	0	1
chr4	111768518	88	0	1
chr4	111768524	88	0	1
chr4	139692295	88	0	1
chr4	152329781	88	0	1
chr4	176936721	88	0	1
chr4	176936736	88	0	1
chr4	176936773	88	0	1
chr4	176936788	88	0	1
chr4	176936825	88	0	1
chr4	1803852	88	0	1
chr4	1803865	88	0	1
chr4	1803867	81	7	1
chr4	1803881	88	0	1
chr4	1803890	88	0	1
chr4	1803894	88	0	1
chr4	1803961	88	0	1
chr4	1804404	88	0	1
chr4	1807270	88	0	1
chr4	49092140	88	0	1
chr4	49637652	88	0	1
chr4	49637654	88	0	1
chr4	49637655	88	0	1
chr4	49637670	88	0	1
chr4	49637672	88	0	1
chr4	49637677	88	0	1
chr4	49637681	88	0	1
chr4	49637691	88	0	1
chr4	49637699	88	0	1
chr4	49637710	88	0	1
chr4	49637716	88	0	1
chr4	49637747	88	0	1
chr4	54274856	88	0	1
chr4	54278033	87	1	1
chr4	54726087	88	0	1
chr4	54727407	86	2	1
chr4	54727536	88	0	1
chr4	54731383	88	0	1
chr4	54733111	88	0	1
chr4	54733196	88	0	1
chr4	54736601	88	0	1
chr4	54736605	88	0	1
chr4	54736607	88	0	1
chr4	55079920	88	0	1
chr4	55088905	86	2	1
chr4	834710	88	0	1
chr4	84601521	88	0	1
chr4	84601524	88	0	1
chr4	84601838	87	1	1
chr4	87104284	88	0	1
chr5	106904414	88	0	1
chr5	106904420	88	0	1
chr5	106904432	88	0	1
chr5	106904465	88	0	1
chr5	106904644	88	0	1
chr5	112839529	88	0	1
chr5	112839570	88	0	1
chr5	112839701	88	0	1
chr5	112839736	88	0	1
chr5	112840295	88	0	1
chr5	16179143	88	0	1
chr5	165877028	88	0	1
chr5	171410504	88	0	1
chr5	171410506	84	4	1
chr5	171410509	88	0	1
chr5	179311425	88	0	1
chr5	179311507	88	0	1
chr5	180193151	88	0	1
chr5	180312114	88	0	1
chr5	180374269	88	0	1
chr5	180374291	88	0	1
chr5	180374294	88	0	1
chr5	180374304	88	0	1
chr5	180374347	88	0	1
chr5	180374385	88	0	1
chr5	62694695	88	0	1
chr5	6424249	88	0	1
chr5	92722870	88	0	1
chr5	92722874	88	0	1
chr6	102973634	88	0	1
chr6	169214345	88	0	1
chr6	169214416	88	0	1
chr6	169214418	88	0	1
chr6	24787059	88	0	1
chr6	30657850	88	0	1
chr6	30657851	88	0	1
chr6	31386370	88	0	1
chr6	31386459	88	0	1
chr6	31386464	88	0	1
chr6	31386477	88	0	1
chr6	31386492	88	0	1
chr6	31386505	88	0	1
chr6	35319671	88	0	1
chr6	77222488	88	0	1
chr7	116699572	88	0	1
chr7	116699574	88	0	1
chr7	116699588	88	0	1
chr7	116699590	88	0	1
chr7	116763175	88	0	1
chr7	116771952	88	0	1
chr7	116783422	88	0	1
chr7	128655287	88	0	1
chr7	129206161	88	0	1
chr7	140753313	88	0	1
chr7	140753401	88	0	1
chr7	140782080	88	0	1
chr7	140782084	88	0	1
chr7	140782085	88	0	1
chr7	140782100	88	0	1
chr7	140782101	88	0	1
chr7	140782102	88	0	1
chr7	140782123	88	0	1
chr7	148811721	88	0	1
chr7	155214596	88	0	1
chr7	2721109	88	0	1
chr7	2721148	88	0	1
chr7	2721150	88	0	1
chr7	2721156	88	0	1
chr7	2721159	88	0	1
chr7	30580818	87	1	1
chr7	30580824	88	0	1
chr7	33063476	88	0	1
chr7	33063480	88	0	1
chr7	33063486	88	0	1
chr7	39891589	88	0	1
chr7	39891635	88	0	1
chr7	43644129	88	0	1
chr7	55165265	76	12	1
chr7	55173983	88	0	1
chr7	55173995	88	0	1
chr7	55181269	87	1	1
chr7	55181285	88	0	1
chr7	55181364	88	0	1
chr7	55191807	85	3	1
chr7	7968892	88	0	1
chr7	7968903	88	0	1
chr7	7968922	88	0	1
chr7	7968927	87	1	1
chr7	98091882	88	0	1
chr7	98091888	88	0	1
chr7	98091895	88	0	1
chr7	98091896	88	0	1
chr7	98091897	88	0	1
chr7	98091899	88	0	1
chr7	98091921	88	0	1
chr8	110809702	88	0	1
chr8	110809712	88	0	1
chr8	110809773	88	0	1
chr8	110809798	88	0	1
chr8	122898878	88	0	1
chr8	122898880	88	0	1
chr8	122898881	88	0	1
chr8	140565557	88	0	1
chr8	140565560	88	0	1
chr8	140565566	88	0	1
chr8	140565571	88	0	1
chr8	140997865	88	0	1
chr8	140997869	88	0	1
chr8	140997870	88	0	1
chr8	140997872	88	0	1
chr8	140997873	88	0	1
chr8	140997876	88	0	1
chr8	140997891	88	0	1
chr8	140997893	88	0	1
chr8	142433583	88	0	1
chr8	142433594	88	0	1
chr8	142433627	88	0	1
chr8	142433702	88	0	1
chr8	143789010	88	0	1
chr8	143789044	88	0	1
chr8	143789071	88	0	1
chr8	143789075	88	0	1
chr8	144499580	88	0	1
chr8	144499588	88	0	1
chr8	144499615	88	0	1
chr8	144499632	88	0	1
chr8	144499642	88	0	1
chr8	37966302	88	0	1
chr8	60693491	88	0	1
chr8	60693533	88	0	1
chr8	60693543	88	0	1
chr8	73393127	88	0	1
chr9	106077699	88	0	1
chr9	123353822	88	0	1
chr9	128393577	88	0	1
chr9	130862896	88	0	1
chr9	130862897	87	1	1
chr9	130862997	88	0	1
chr9	130863010	88	0	1
chr9	130872963	88	0	1
chr9	136368053	88	0	1
chr9	136368063	88	0	1
chr9	136504927	88	0	1
chr9	21970970	88	0	1
chr9	21971010	88	0	1
chr9	21971121	88	0	1
chr9	21971161	88	0	1
chr9	33675798	88	0	1
chr9	33675802	88	0	1
chr9	33675871	88	0	1
chr9	33675899	88	0	1
chr9	33676137	88	0	1
chr9	33676139	88	0	1
chr9	33676228	88	0	1
chr9	33676320	88	0	1
chr9	33676321	87	1	1
chr9	37109820	88	0	1
chr9	37109823	88	0	1
chr9	37109853	88	0	1
chr9	64698668	88	0	1
chr9	64698674	88	0	1
chr9	64698681	88	0	1
chr9	64698703	88	0	1
chr9	77794449	84	4	1
chr9	83683319	88	0	1
chr9	83683353	88	0	1
chr9	89356625	88	0	1
chr9	89356635	87	1	1
chr9	89356714	88	0	1
chrX	109180658	88	0	1
chrX	135435626	88	0	1
chrX	135435634	88	0	1
chrX	140011809	88	0	1
chrY	11303037	88	0	1
chrY	11334080	88	0	1
chrY	11334084	88	0	1
chrY	11334090	88	0	1
chrY	11334091	88	0	1
chrY	11334100	88	0	1
chrY	11334102	88	0	1
chr10	121498436	2	87	0
chr10	121498498	88	1	0
chr10	121515195	4	85	0
chr10	121515207	88	1	0
chr10	121515287	88	1	0
chr10	121519896	3	86	0
chr10	121519994	88	1	0
chr10	121520075	88	1	0
chr10	121520083	88	1	0
chr10	121520084	5	84	0
chr10	121520204	86	3	0
chr10	121520206	86	3	0
chr10	127430220	88	1	0
chr10	127430222	88	1	0
chr10	127430226	88	1	0
chr10	132260307	88	1	0
chr10	132260315	64	25	0
chr10	132260375	88	1	0
chr10	132260380	88	1	0
chr10	132260384	88	1	0
chr10	132260390	88	1	0
chr10	132260401	88	1	0
chr10	16809480	88	1	0
chr10	2537867	82	7	0
chr10	2537892	88	1	0
chr10	34205839	54	35	0
chr10	34205862	88	1	0
chr10	34205872	88	1	0
chr10	34205873	83	6	0
chr10	34205878	84	5	0
chr10	34205883	88	1	0
chr10	34205886	87	2	0
chr10	34205889	88	1	0
chr10	34205955	88	1	0
chr10	34205958	87	2	0
chr10	34205963	88	1	0
chr10	34205966	88	1	0
chr10	34205978	55	34	0
chr10	3660774	88	1	0
chr10	3660779	88	1	0
chr10	3660848	88	1	0
chr10	3660886	88	1	0
chr10	3660887	88	1	0
chr10	3660937	88	1	0
chr10	3661015	88	1	0
chr10	4120547	77	12	0
chr10	4120566	88	1	0
chr10	4120574	87	2	0
chr10	41710554	88	1	0
chr10	41710562	88	1	0
chr10	41710564	88	1	0
chr10	41710573	87	2	0
chr10	41710585	87	2	0
chr10	41710589	88	1	0
chr10	41710606	87	2	0
chr10	41710616	87	2	0
chr10	41710623	87	2	0
chr10	41710625	88	1	0
chr10	41710627	87	2	0
chr10	41710632	87	2	0
chr10	41710634	88	1	0
chr10	41710645	87	2	0
chr10	41710654	88	1	0
chr10	41710663	88	1	0
chr10	41710673	87	2	0
chr10	41710679	87	2	0
chr10	41710682	86	3	0
chr10	41710687	85	4	0
chr10	41710703	88	1	0
chr10	41710734	88	1	0
chr10	41710745	88	1	0
chr10	41710777	88	1	0
chr10	41710784	88	1	0
chr10	41710789	88	1	0
chr10	41710791	88	1	0
chr10	41710825	87	2	0
chr10	41710829	88	1	0
chr10	41710856	86	3	0
chr10	41710858	88	1	0
chr10	43109092	88	1	0
chr10	43113604	13	76	0
chr10	43113615	87	2	0
chr10	43114414	80	9	0
chr10	43114424	27	62	0
chr10	43114468	87	2	0
chr10	43114547	87	2	0
chr10	43114573	88	1	0
chr10	43114576	88	1	0
chr10	43118331	3	86	0
chr10	43118334	81	8	0
chr10	43118346	88	1	0
chr10	43118396	8	81	0
chr10	43118441	88	1	0
chr10	43120091	9	80	0
chr10	43120097	88	1	0
chr10	43120098	85	4	0
chr10	43120147	88	1	0
chr10	43120186	52	37	0
chr10	43121861	3	86	0
chr10	43121884	88	1	0
chr10	43121990	84	5	0
chr10	78923737	88	1	0
chr10	78923760	88	1	0
chr10	87864438	33	56	0
chr10	87864444	80	9	0
chr10	87864448	76	13	0
chr10	87864450	76	13	0
chr10	87925488	59	30	0
chr10	87925492	86	3	0
chr10	87925497	88	1	0
chr10	87925499	88	1	0
chr10	87925500	61	28	0
chr10	87925505	88	1	0
chr10	87925515	86	3	0
chr10	87925519	83	6	0
chr10	87925533	87	2	0
chr10	87925537	86	3	0
chr10	87925553	88	1	0
chr10	87925572	87	2	0
chr10	87933039	38	51	0
chr10	87933052	87	2	0
chr10	87933053	61	28	0
chr10	87933133	88	1	0
chr10	87952046	3	86	0
chr10	87952077	85	4	0
chr10	87957732	6	83	0
chr10	87957745	86	3	0
chr10	87957890	78	11	0
chr10	87957892	76	13	0
chr10	87957903	85	4	0
chr10	87957904	50	39	0
chr10	87958041	88	1	0
chr10	87960929	41	48	0
chr10	87960946	88	1	0
chr10	87960947	88	1	0
chr10	87960953	88	1	0
chr10	87960956	82	7	0
chr10	87960989	88	1	0
chr10	87960996	88	1	0
chr10	87961017	23	66	0
chr10	87961096	88	1	0
chr10	89298231	88	1	0
chr10	90084466	88	1	0
chr10	90084493	87	2	0
chr10	90084499	87	2	0
chr10	90084515	88	1	0
chr10	90084526	88	1	0
chr10	90084537	88	1	0
chr10	90084545	88	1	0
chr10	90084550	88	1	0
chr10	90084554	88	1	0
chr10	90084559	88	1	0
chr10	90084590	88	1	0
chr1	1064082	88	1	0
chr11	10090666	88	1	0
chr11	102754812	86	3	0
chr11	102754868	88	1	0
chr11	108247023	5	84	0
chr11	108247038	86	3	0
chr11	108247046	88	1	0
chr11	108249076	11	78	0
chr11	108249088	85	4	0
chr11	108249097	88	1	0
chr11	108252771	32	57	0
chr11	108252773	81	8	0
chr11	108252774	79	10	0
chr11	108252787	86	3	0
chr11	108252803	88	1	0
chr11	108252809	88	1	0
chr11	108252898	80	9	0
chr11	108267193	22	67	0
chr11	108267195	88	1	0
chr11	108267200	87	2	0
chr11	108267201	77	12	0
chr11	108267277	86	3	0
chr11	108284342	1	88	0
chr11	108284356	88	1	0
chr11	108284421	88	1	0
chr11	108299719	2	87	0
chr11	108301620	4	85	0
chr11	108301632	86	3	0
chr11	108301639	88	1	0
chr11	108301645	88	1	0
chr11	108301683	88	1	0
chr11	108301687	88	1	0
chr11	108302893	38	51	0
chr11	108302900	71	18	0
chr11	108302914	88	1	0
chr11	108310158	17	72	0
chr11	108310168	78	11	0
chr11	108310196	88	1	0
chr11	108330175	2	87	0
chr11	108330188	87	2	0
chr11	108330196	88	1	0
chr11	108333897	3	86	0
chr11	108333966	83	6	0
chr11	108334991	29	60	0
chr11	108335000	88	1	0
chr11	108335001	76	13	0
chr11	108335056	88	1	0
chr11	108335784	10	79	0
chr11	108335796	88	1	0
chr11	108347273	20	69	0
chr11	108347285	81	8	0
chr11	108354807	7	82	0
chr11	108354818	86	3	0
chr11	108354910	87	2	0
chr11	108354911	88	1	0
chr11	108365300	2	87	0
chr11	108365315	87	2	0
chr11	108365357	88	1	0
chr11	108365445	8	81	0
chr11	108365457	84	5	0
chr11	108365500	88	1	0
chr11	108365556	88	1	0
chr11	108365567	88	1	0
chr11	108365572	88	1	0
chr11	114530463	86	3	0
chr11	114530478	86	3	0
chr11	114698444	87	2	0
chr11	117459821	77	12	0
chr11	117459828	88	1	0
chr11	117459907	88	1	0
chr11	120580343	87	2	0
chr11	120580384	88	1	0
chr11	129557610	87	2	0
chr11	134737246	88	1	0
chr11	134737249	88	1	0
chr1	114709554	9	80	0
chr1	114709562	86	3	0
chr1	114713870	88	1	0
chr1	114713871	3	86	0
chr1	114713882	87	2	0
chr1	114713907	88	1	0
chr1	114716048	87	2	0
chr1	114716056	7	82	0
chr1	114716067	88	1	0
chr11	2205214	87	2	0
chr11	2205225	52	37	0
chr11	2205238	88	1	0
chr11	2205256	79	10	0
chr11	2205261	85	4	0
chr11	2205269	88	1	0
chr11	2212168	88	1	0
chr11	2212191	88	1	0
chr11	2212194	88	1	0
chr11	2212222	88	1	0
chr11	2212256	88	1	0
chr11	23774415	88	1	0
chr11	34138548	69	20	0
chr11	34138571	88	1	0
chr11	39302922	88	1	0
chr11	45086612	88	1	0
chr11	45086655	88	1	0
chr1	146037499	79	10	0
chr1	146037548	88	1	0
chr1	148315421	88	1	0
chr1	151807494	88	1	0
chr11	533799	48	41	0
chr11	533806	88	1	0
chr11	533807	49	40	0
chr11	534209	2	87	0
chr11	534218	87	2	0
chr11	534243	37	52	0
chr11	534294	88	1	0
chr1	154510494	87	2	0
chr1	154510547	88	1	0
chr1	155766856	68	21	0
chr1	155766865	88	1	0
chr1	155766872	88	1	0
chr1	155766885	82	7	0
chr1	155766889	86	3	0
chr1	155766892	88	1	0
chr1	155766893	82	7	0
chr1	155766896	88	1	0
chr1	155766897	78	11	0
chr1	155766929	88	1	0
chr11	57302329	88	1	0
chr11	5960338	88	1	0
chr11	5960372	87	2	0
chr11	5960395	88	1	0
chr11	5960410	87	2	0
chr11	5960418	88	1	0
chr11	5960428	88	1	0
chr11	5960430	87	2	0
chr11	5960433	87	2	0
chr11	5960436	88	1	0
chr11	5960441	87	2	0
chr11	5960451	87	2	0
chr11	5960462	87	2	0
chr11	5960470	87	2	0
chr11	61496202	70	19	0
chr11	61496229	88	1	0
chr11	61496239	86	3	0
chr11	65581919	44	45	0
chr11	65581949	88	1	0
chr11	65581952	88	1	0
chr11	65581954	88	1	0
chr11	65581961	88	1	0
chr11	65581965	88	1	0
chr11	65581971	88	1	0
chr11	65581984	88	1	0
chr1	16621825	88	1	0
chr11	66368657	86	3	0
chr11	66368694	88	1	0
chr1	17093976	88	1	0
chr1	17094199	88	1	0
chr11	78177489	87	2	0
chr11	837027	82	7	0
chr11	837076	88	1	0
chr11	837085	82	7	0
chr11	837100	88	1	0
chr11	837112	88	1	0
chr1	185000042	86	3	0
chr1	185000056	88	1	0
chr1	185000061	88	1	0
chr1	185000063	88	1	0
chr1	185000072	88	1	0
chr1	185000088	86	3	0
chr1	185000111	88	1	0
chr1	185000115	88	1	0
chr1	185000120	88	1	0
chr1	185000122	88	1	0
chr1	185000126	88	1	0
chr1	185000130	88	1	0
chr11	85685420	88	1	0
chr11	91922210	74	15	0
chr11	91922214	88	1	0
chr11	91922255	88	1	0
chr11	91922274	88	1	0
chr1	19327283	59	30	0
chr1	19327284	83	6	0
chr1	19327314	88	1	0
chr1	19327318	84	5	0
chr1	19327321	88	1	0
chr1	19327323	88	1	0
chr1	19327345	88	1	0
chr1	19327355	88	1	0
chr1	19327357	88	1	0
chr1	19327359	88	1	0
chr1	19327375	88	1	0
chr1	19327378	88	1	0
chr1	202318752	88	1	0
chr1	202318811	88	1	0
chr1	203122964	88	1	0
chr12	110211261	88	1	0
chr12	110211271	88	1	0
chr12	110211274	88	1	0
chr12	110211293	88	1	0
chr12	110211298	88	1	0
chr12	110211302	88	1	0
chr12	111956668	88	1	0
chr12	111956687	88	1	0
chr12	111956690	88	1	0
chr12	111956695	87	2	0
chr12	111956715	88	1	0
chr12	111956724	87	2	0
chr12	112450301	21	68	0
chr12	112450314	85	4	0
chr12	112450362	88	1	0
chr12	112450385	88	1	0
chr12	112489019	4	85	0
chr12	112489029	88	1	0
chr12	120993553	8	81	0
chr12	120993567	87	2	0
chr12	120993597	88	1	0
chr12	120994190	87	2	0
chr12	120994194	88	1	0
chr12	120994196	5	84	0
chr12	131260198	30	59	0
chr12	131260200	25	64	0
chr12	131260219	84	5	0
chr12	131260222	65	24	0
chr12	131260223	87	2	0
chr12	131260234	87	2	0
chr12	131260244	87	2	0
chr12	131260247	88	1	0
chr12	131260248	88	1	0
chr12	131260252	85	4	0
chr12	132029842	83	6	0
chr12	132776218	88	1	0
chr12	132776227	65	24	0
chr12	132776237	87	2	0
chr1	219609875	87	2	0
chr1	221094079	78	11	0
chr1	221094093	88	1	0
chr12	21150693	88	1	0
chr12	21150728	88	1	0
chr12	21150736	88	1	0
chr12	21150740	88	1	0
chr12	21150743	88	1	0
chr12	21150745	88	1	0
chr12	21150773	88	1	0
chr1	224735942	88	1	0
chr12	25225597	25	64	0
chr12	25225612	74	15	0
chr12	25225672	88	1	0
chr12	25227305	81	8	0
chr12	25227311	88	1	0
chr12	25227316	21	68	0
chr12	25227326	88	1	0
chr12	25227409	88	1	0
chr12	25245240	4	85	0
chr12	25245251	88	1	0
chr12	25245351	88	1	0
chr1	225478367	88	1	0
chr12	29182207	88	1	0
chr12	29182235	88	1	0
chr1	231107479	88	1	0
chr1	239864408	88	1	0
chr1	239864433	88	1	0
chr1	239864437	88	1	0
chr1	239864442	88	1	0
chr1	239864449	88	1	0
chr1	239864451	88	1	0
chr1	239864454	88	1	0
chr1	239864457	88	1	0
chr1	239864460	88	1	0
chr12	52319182	84	5	0
chr12	52319192	87	2	0
chr12	70460783	88	1	0
chr12	70460796	88	1	0
chr1	27635659	77	12	0
chr1	27635664	88	1	0
chr1	27635667	88	1	0
chr1	27635674	88	1	0
chr1	27635688	88	1	0
chr12	94123301	6	83	0
chr12	94123327	88	1	0
chr13	108965529	87	2	0
chr13	108965557	88	1	0
chr13	108965569	88	1	0
chr13	108965614	88	1	0
chr13	108965626	88	1	0
chr13	108965649	88	1	0
chr13	109012294	88	1	0
chr13	109012324	88	1	0
chr13	111547090	81	8	0
chr13	111547124	87	2	0
chr13	111547128	88	1	0
chr13	112962844	86	3	0
chr13	112962881	88	1	0
chr13	112962916	88	1	0
chr13	114210734	76	13	0
chr13	19365573	88	1	0
chr13	19365577	88	1	0
chr13	19365585	88	1	0
chr13	28018431	4	85	0
chr13	28018439	52	37	0
chr13	28028125	3	86	0
chr13	28028137	88	1	0
chr13	28028156	75	14	0
chr13	28028183	88	1	0
chr13	28028198	88	1	0
chr13	28034078	5	84	0
chr13	28034090	87	2	0
chr13	28034117	88	1	0
chr13	28035950	2	87	0
chr13	28036047	11	78	0
chr13	32410256	48	41	0
chr13	32410305	88	1	0
chr13	32410309	88	1	0
chr13	32410320	88	1	0
chr13	32410323	88	1	0
chr13	44451237	88	1	0
chr13	44451364	88	1	0
chr13	48345072	11	78	0
chr13	48349000	30	59	0
chr13	48349008	88	1	0
chr13	48349009	88	1	0
chr13	48349105	88	1	0
chr13	48349109	87	2	0
chr13	48367449	66	23	0
chr13	48367460	32	57	0
chr13	48367534	88	1	0
chr13	48367561	88	1	0
chr13	48368451	3	86	0
chr13	48368461	88	1	0
chr13	48379607	3	86	0
chr13	48379617	87	2	0
chr13	48379659	88	1	0
chr13	48379669	88	1	0
chr13	48379670	88	1	0
chr13	48379676	88	1	0
chr13	48381374	4	85	0
chr13	48381389	88	1	0
chr13	48381410	88	1	0
chr13	48381461	88	1	0
chr13	48381889	88	1	0
chr13	48381900	88	1	0
chr13	48452953	11	78	0
chr13	48452967	87	2	0
chr13	48452969	88	1	0
chr13	48453005	87	2	0
chr13	48459675	5	84	0
chr13	48459694	88	1	0
chr13	48463695	80	9	0
chr13	48463710	43	46	0
chr13	48463762	88	1	0
chr13	48463799	87	2	0
chr13	48465002	4	85	0
chr13	48465107	88	1	0
chr1	36229719	88	1	0
chr13	79037647	88	1	0
chr13	79037649	88	1	0
chr13	79037652	88	1	0
chr13	79037659	88	1	0
chr13	79037661	88	1	0
chr13	79037664	88	1	0
chr13	79037666	88	1	0
chr13	79037670	87	2	0
chr13	79037683	88	1	0
chr13	79037688	88	1	0
chr13	79037699	88	1	0
chr13	79037701	88	1	0
chr13	79037708	88	1	0
chr13	79037722	86	3	0
chr13	79037726	88	1	0
chr13	79037738	88	1	0
chr13	79037745	88	1	0
chr13	79037753	88	1	0
chr13	79037760	88	1	0
chr13	86185320	88	1	0
chr13	86185395	88	1	0
chr13	89880481	88	1	0
chr13	98176781	46	43	0
chr13	98176790	80	9	0
chr13	98176815	88	1	0
chr1	40953752	88	1	0
chr1	40953789	88	1	0
chr1	40953797	88	1	0
chr14	104775089	4	85	0
chr14	104775096	86	3	0
chr14	104780107	7	82	0
chr14	21516257	79	10	0
chr14	21516344	88	1	0
chr14	23497891	88	1	0
chr14	23497914	88	1	0
chr14	23707301	43	46	0
chr14	23707335	88	1	0
chr14	23707360	88	1	0
chr14	33471817	86	3	0
chr14	33471832	87	2	0
chr1	43349286	2	87	0
chr1	43349297	88	1	0
chr1	43349371	88	1	0
chr14	33758369	88	1	0
chr14	35332420	86	3	0
chr14	35332588	88	1	0
chr14	38256474	84	5	0
chr14	38256488	88	1	0
chr14	38256579	88	1	0
chr14	38256584	88	1	0
chr14	52996112	88	1	0
chr1	4553479	63	26	0
chr1	4553518	88	1	0
chr1	4553578	88	1	0
chr14	56116648	74	15	0
chr14	56116659	88	1	0
chr14	56116670	88	1	0
chr14	56116687	88	1	0
chr14	56116704	78	11	0
chr14	57937134	88	1	0
chr14	57937137	88	1	0
chr14	57937157	88	1	0
chr14	57937162	88	1	0
chr14	57937168	88	1	0
chr14	57937172	88	1	0
chr14	57937183	88	1	0
chr14	73924288	84	5	0
chr1	47637283	88	1	0
chr1	47637320	88	1	0
chr1	47637421	88	1	0
chr14	84403157	88	1	0
chr14	84403240	88	1	0
chr14	93231118	88	1	0
chr14	99012952	65	24	0
chr14	99012959	88	1	0
chr14	99012967	88	1	0
chr14	99012971	88	1	0
chr14	99013006	88	1	0
chr14	99013023	88	1	0
chr14	99013032	88	1	0
chr14	99013038	88	1	0
chr14	99013045	80	9	0
chr14	99232099	87	2	0
chr14	99232113	88	1	0
chr14	99232114	88	1	0
chr14	99232118	87	2	0
chr14	99232129	88	1	0
chr15	27769867	88	1	0
chr15	28455962	88	1	0
chr15	34763519	87	2	0
chr15	34763569	88	1	0
chr15	34763618	87	2	0
chr15	40106492	88	1	0
chr15	40106554	88	1	0
chr15	40266524	88	1	0
chr15	40266544	88	1	0
chr15	42132044	60	29	0
chr15	42132045	88	1	0
chr15	42132060	88	1	0
chr15	42132063	88	1	0
chr15	42132112	88	1	0
chr15	42132117	86	3	0
chr15	42132118	88	1	0
chr15	42132126	88	1	0
chr15	42132139	88	1	0
chr15	42132144	88	1	0
chr15	42132173	88	1	0
chr15	52443884	88	1	0
chr15	52443888	88	1	0
chr15	52443891	88	1	0
chr15	52443897	88	1	0
chr15	52443921	88	1	0
chr15	53307318	85	4	0
chr15	58930154	88	1	0
chr15	58930157	88	1	0
chr15	74023127	24	65	0
chr15	74023132	88	1	0
chr15	74023179	45	44	0
chr15	74023180	83	6	0
chr15	74023192	88	1	0
chr15	74023214	88	1	0
chr15	74023217	88	1	0
chr15	74023243	87	2	0
chr15	74412447	10	79	0
chr15	79478135	86	3	0
chr15	90088592	7	82	0
chr15	90088606	87	2	0
chr15	90088608	87	2	0
chr15	90088655	88	1	0
chr15	90088687	88	1	0
chr15	90088693	88	1	0
chr15	90225726	84	5	0
chr15	90225728	81	8	0
chr15	90225740	88	1	0
chr15	90225751	88	1	0
chr15	90225756	88	1	0
chr15	90225760	88	1	0
chr15	90225787	88	1	0
chr15	90225790	88	1	0
chr1	5908814	88	1	0
chr1	5908844	88	1	0
chr15	95528734	87	2	0
chr15	95528769	88	1	0
chr15	99414923	87	2	0
chr15	99414944	88	1	0
chr16	1162249	22	67	0
chr16	1162256	87	2	0
chr16	1162280	85	4	0
chr16	1162282	85	4	0
chr16	1162283	85	4	0
chr16	1162287	87	2	0
chr16	1162306	88	1	0
chr16	1162326	87	2	0
chr16	1162333	88	1	0
chr16	1162334	86	3	0
chr16	1162338	87	2	0
chr16	1162377	87	2	0
chr16	1162380	87	2	0
chr16	14301353	88	1	0
chr16	14301452	88	1	0
chr16	20524758	88	1	0
chr16	20524779	88	1	0
chr16	20524823	88	1	0
chr16	28611916	88	1	0
chr16	28611930	88	1	0
chr16	28611936	88	1	0
chr16	28611938	88	1	0
chr16	2937459	87	2	0
chr16	3151207	88	1	0
chr16	3151240	88	1	0
chr16	3151245	88	1	0
chr16	58590683	88	1	0
chr16	58590718	88	1	0
chr16	64573303	25	64	0
chr16	64573326	74	15	0
chr16	64573334	88	1	0
chr16	64573336	88	1	0
chr16	64573339	88	1	0
chr16	64573362	88	1	0
chr16	64573369	88	1	0
chr16	68801686	76	13	0
chr16	68801692	88	1	0
chr16	68801693	22	67	0
chr16	68812104	65	24	0
chr16	68812112	29	60	0
chr16	68812121	88	1	0
chr16	68813281	30	59	0
chr16	68813290	88	1	0
chr16	68813291	66	23	0
chr16	68813329	88	1	0
chr16	71615911	88	1	0
chr16	71615924	88	1	0
chr16	71615928	88	1	0
chr16	71615986	87	2	0
chr16	71616013	87	2	0
chr16	71616017	87	2	0
chr16	71616021	87	2	0
chr16	71616036	87	2	0
chr16	88479208	87	2	0
chr16	88479216	81	8	0
chr16	88479237	88	1	0
chr1	6890665	68	21	0
chr1	6890692	72	17	0
chr17	12828709	88	1	0
chr17	12828731	88	1	0
chr17	12828746	88	1	0
chr17	12828752	88	1	0
chr17	17500758	88	1	0
chr17	21198373	85	4	0
chr17	21198382	41	48	0
chr17	21198401	88	1	0
chr17	2291233	88	1	0
chr17	2291254	88	1	0
chr17	2291263	88	1	0
chr17	2291267	88	1	0
chr17	2291273	88	1	0
chr17	29097191	88	1	0
chr17	36057691	42	47	0
chr17	36057702	88	1	0
chr17	36057734	84	5	0
chr17	36057778	88	1	0
chr17	36057790	64	25	0
chr17	38489734	88	1	0
chr17	38547287	36	53	0
chr17	38547289	29	60	0
chr17	38547322	86	3	0
chr17	38547326	87	2	0
chr17	38547337	87	2	0
chr17	39723948	3	86	0
chr17	39723959	88	1	0
chr17	39723987	88	1	0
chr17	39724103	88	1	0
chr17	39724690	3	86	0
chr17	39724699	86	3	0
chr17	39725059	7	82	0
chr17	39725070	88	1	0
chr17	39725203	80	9	0
chr17	39963477	74	15	0
chr17	39963490	88	1	0
chr17	39963498	88	1	0
chr17	39963518	88	1	0
chr17	39963525	88	1	0
chr17	39963558	88	1	0
chr17	40298501	88	1	0
chr1	74253462	88	1	0
chr17	43859185	86	3	0
chr17	43859191	87	2	0
chr17	43859206	88	1	0
chr17	43925276	88	1	0
chr17	43925278	88	1	0
chr17	43925281	88	1	0
chr17	43925299	88	1	0
chr17	43925310	88	1	0
chr17	43925316	88	1	0
chr17	43925318	88	1	0
chr17	43925338	88	1	0
chr17	4477261	87	2	0
chr17	48398156	88	1	0
chr17	60933077	88	1	0
chr17	61405501	87	2	0
chr17	61405509	88	1	0
chr17	61405520	87	2	0
chr17	61405523	88	1	0
chr17	61405535	88	1	0
chr17	62692260	72	17	0
chr17	65615230	88	1	0
chr17	65615233	88	1	0
chr17	65615238	88	1	0
chr17	65615251	88	1	0
chr17	75318678	88	1	0
chr17	76612316	79	10	0
chr17	76612329	34	55	0
chr17	76612332	17	72	0
chr17	76612344	88	1	0
chr17	76612366	18	71	0
chr17	76612375	87	2	0
chr17	76612390	88	1	0
chr17	76612394	88	1	0
chr17	76612431	88	1	0
chr17	7670602	4	85	0
chr17	7673687	32	57	0
chr17	7673695	73	16	0
chr17	7673772	87	2	0
chr17	7673797	88	1	0
chr17	7673804	88	1	0
chr17	7674174	88	1	0
chr17	7674178	3	86	0
chr17	7674190	87	2	0
chr17	7674203	88	1	0
chr17	7674246	88	1	0
chr17	7674251	87	2	0
chr17	7674848	12	77	0
chr17	7674861	81	8	0
chr17	7674893	86	3	0
chr17	7675026	88	1	0
chr17	7675033	5	84	0
chr17	7675052	88	1	0
chr17	7675089	88	1	0
chr17	7675115	88	1	0
chr17	7675158	87	2	0
chr17	7675182	88	1	0
chr17	7675193	88	1	0
chr17	7675195	11	78	0
chr17	7675198	84	5	0
chr17	7675311	87	2	0
chr17	7676026	3	86	0
chr17	7676055	85	4	0
chr17	7676104	87	2	0
chr17	7676149	88	1	0
chr17	7676153	88	1	0
chr17	7676155	9	80	0
chr17	7676524	10	79	0
chr17	7676534	87	2	0
chr17	7676626	88	1	0
chr17	78371348	84	5	0
chr17	78371355	86	3	0
chr17	78371360	87	2	0
chr17	78371384	88	1	0
chr17	78371387	88	1	0
chr17	80726018	88	1	0
chr17	82026991	58	31	0
chr17	82026995	88	1	0
chr17	82027010	88	1	0
chr17	82027083	88	1	0
chr1	80606761	88	1	0
chr1	80606772	88	1	0
chr1	80606779	88	1	0
chr18	13234720	25	64	0
chr18	13234737	88	1	0
chr18	13234742	88	1	0
chr18	25565443	88	1	0
chr18	25565562	88	1	0
chr18	35183348	86	3	0
chr18	35183430	88	1	0
chr18	47872600	88	1	0
chr18	47872617	88	1	0
chr18	47872625	88	1	0
chr18	51048718	4	85	0
chr18	51048728	87	2	0
chr18	51049184	87	2	0
chr18	51049185	32	57	0
chr18	51049214	88	1	0
chr18	51049227	86	3	0
chr18	51049231	87	2	0
chr18	51054797	73	16	0
chr18	51054807	23	66	0
chr18	51054819	86	3	0
chr18	51054883	88	1	0
chr18	51058160	88	1	0
chr18	51058168	9	80	0
chr18	51058177	87	2	0
chr18	51058327	88	1	0
chr18	51058328	87	2	0
chr18	51059872	3	86	0
chr18	51059880	88	1	0
chr18	51059975	80	9	0
chr18	51060004	88	1	0
chr18	51065424	57	32	0
chr18	51065428	88	1	0
chr18	51065432	48	41	0
chr18	51065441	82	7	0
chr18	51067013	4	85	0
chr18	51067028	88	1	0
chr18	51076646	85	4	0
chr18	51076647	8	81	0
chr18	51076657	88	1	0
chr18	51078278	2	87	0
chr18	55586154	88	1	0
chr18	77295983	88	1	0
chr18	77295998	88	1	0
chr18	77296002	88	1	0
chr1	8990389	88	1	0
chr1	8990410	88	1	0
chr1	8990414	88	1	0
chr1	8990416	88	1	0
chr19	1206958	88	1	0
chr19	1206959	87	2	0
chr19	1206963	87	2	0
chr19	1206969	6	83	0
chr19	1206977	87	2	0
chr19	1207085	88	1	0
chr19	12179450	70	19	0
chr19	12179464	88	1	0
chr19	12179479	84	5	0
chr19	12179483	86	3	0
chr19	12179487	84	5	0
chr19	12179492	84	5	0
chr19	12179537	88	1	0
chr19	1220308	2	87	0
chr19	1220318	88	1	0
chr19	1220322	88	1	0
chr19	1220323	62	27	0
chr19	1220337	85	4	0
chr19	1220393	88	1	0
chr19	1220419	88	1	0
chr19	1220431	88	1	0
chr19	1220470	82	7	0
chr19	1220478	3	86	0
chr19	1220527	88	1	0
chr19	1220538	88	1	0
chr19	1220546	88	1	0
chr19	1221223	8	81	0
chr19	1221229	88	1	0
chr19	1221231	88	1	0
chr19	1221236	84	5	0
chr19	1221266	88	1	0
chr19	1221316	87	2	0
chr19	1223005	9	80	0
chr19	1223013	85	4	0
chr19	1223025	88	1	0
chr19	1223117	88	1	0
chr19	17334532	87	2	0
chr19	17834797	11	78	0
chr19	17834809	88	1	0
chr19	17834815	88	1	0
chr19	17834888	87	2	0
chr19	17837173	88	1	0
chr19	17837174	18	71	0
chr19	17837272	88	1	0
chr19	17837278	88	1	0
chr19	17843316	3	86	0
chr19	17843325	87	2	0
chr19	17843401	88	1	0
chr19	19121061	86	3	0
chr19	19121086	88	1	0
chr19	19121090	88	1	0
chr19	19121110	88	1	0
chr19	2224209	88	1	0
chr19	28468875	15	74	0
chr19	28468925	88	1	0
chr19	28592096	87	2	0
chr19	3118876	4	85	0
chr19	3118883	86	3	0
chr19	3118937	88	1	0
chr19	3118942	88	1	0
chr19	32818193	85	4	0
chr19	32818204	88	1	0
chr19	32818219	88	1	0
chr19	32818284	88	1	0
chr19	32818331	88	1	0
chr19	34394808	88	1	0
chr19	37531430	88	1	0
chr19	37531453	88	1	0
chr19	4014164	88	1	0
chr19	41810155	88	1	0
chr19	41810166	88	1	0
chr19	46528542	87	2	0
chr19	49433205	88	1	0
chr19	49433234	88	1	0
chr19	49433248	88	1	0
chr19	49433288	88	1	0
chr19	49521739	88	1	0
chr19	49521742	88	1	0
chr19	49521774	88	1	0
chr19	49521782	88	1	0
chr19	51510623	88	1	0
chr19	51510665	88	1	0
chr19	55455899	88	1	0
chr19	55455956	88	1	0
chr19	55455962	88	1	0
chr19	55455971	88	1	0
chr19	7095565	88	1	0
chr1	98367241	85	4	0
chr1	98367250	85	4	0
chr1	98367269	87	2	0
chr1	98367271	88	1	0
chr20	17618275	88	1	0
chr20	17618277	86	3	0
chr20	17618282	86	3	0
chr20	17618287	36	53	0
chr20	17618293	88	1	0
chr20	17618297	88	1	0
chr20	17618299	87	2	0
chr20	17618308	87	2	0
chr20	17618325	85	4	0
chr20	17618344	88	1	0
chr20	37403251	4	85	0
chr20	37403262	86	3	0
chr20	37403370	87	2	0
chr20	38247194	85	4	0
chr20	48686862	83	6	0
chr20	48686878	88	1	0
chr20	48686905	84	5	0
chr20	48686914	88	1	0
chr20	48808429	87	2	0
chr20	58909330	5	84	0
chr20	58909341	88	1	0
chr20	58909496	35	54	0
chr20	58909502	87	2	0
chr20	58909504	87	2	0
chr20	58909505	88	1	0
chr20	58909506	71	18	0
chr20	62820294	87	2	0
chr20	62820324	88	1	0
chr20	62820327	88	1	0
chr20	62820334	88	1	0
chr2	126446121	88	1	0
chr2	126778808	87	2	0
chr2	126778835	87	2	0
chr2	131026964	88	1	0
chr2	131027090	88	1	0
chr2	131512277	88	1	0
chr2	131512293	88	1	0
chr2	131512302	88	1	0
chr2	131512303	88	1	0
chr2	135277826	88	1	0
chr21	36285226	88	1	0
chr21	36285228	88	1	0
chr21	36285236	88	1	0
chr21	36285302	88	1	0
chr21	44944992	86	3	0
chr21	44945000	88	1	0
chr2	16155850	87	2	0
chr2	16155854	87	2	0
chr2	16155858	88	1	0
chr2	16155859	88	1	0
chr2	16155860	87	2	0
chr2	16155863	88	1	0
chr2	16155867	87	2	0
chr2	16155883	88	1	0
chr2	167936303	88	1	0
chr2	208248374	3	86	0
chr2	208248390	82	7	0
chr2	208248469	78	11	0
chr2	208248490	88	1	0
chr2	208248493	88	1	0
chr2	20959841	88	1	0
chr2	211424166	5	84	0
chr2	211424179	88	1	0
chr2	211665306	87	2	0
chr2	211665317	12	77	0
chr2	211665326	88	1	0
chr2	211712058	49	40	0
chr2	211712068	55	34	0
chr2	211713550	6	83	0
chr2	211713563	88	1	0
chr2	211713655	68	21	0
chr2	211713662	88	1	0
chr2	211713667	88	1	0
chr2	211713669	88	1	0
chr2	211713680	88	1	0
chr2	211713701	87	2	0
chr2	211722395	3	86	0
chr2	211722406	87	2	0
chr2	211725026	5	84	0
chr2	211725162	80	9	0
chr2	211787981	1	88	0
chr2	211787994	88	1	0
chr2	211788039	87	2	0
chr2	211788040	88	1	0
chr2	211947335	47	42	0
chr2	211947346	50	39	0
chr2	211947373	63	26	0
chr2	219038394	81	8	0
chr2	219038415	88	1	0
chr2	219400141	88	1	0
chr2	219400156	88	1	0
chr22	20124530	36	53	0
chr22	20124533	88	1	0
chr22	20124612	50	39	0
chr22	20168463	88	1	0
chr22	20168526	88	1	0
chr22	20419271	86	3	0
chr22	20419303	88	1	0
chr22	20426828	88	1	0
chr22	20426842	88	1	0
chr22	20426853	88	1	0
chr22	20426856	88	1	0
chr2	221152856	85	4	0
chr22	22344622	87	2	0
chr22	22344687	88	1	0
chr2	223529040	87	2	0
chr2	223529074	88	1	0
chr22	23791754	3	86	0
chr22	23791882	88	1	0
chr22	23801010	88	1	0
chr22	23801011	2	87	0
chr22	23801074	88	1	0
chr22	23803279	3	86	0
chr22	23803290	87	2	0
chr22	23803320	88	1	0
chr22	23834063	87	2	0
chr22	23834069	9	80	0
chr22	23834089	87	2	0
chr22	23834101	62	27	0
chr22	23834120	88	1	0
chr22	23834166	88	1	0
chr22	37768352	84	5	0
chr22	37768363	88	1	0
chr22	37768550	88	1	0
chr22	39430769	87	2	0
chr22	39430783	88	1	0
chr22	39430784	87	2	0
chr22	39430813	88	1	0
chr22	39430823	88	1	0
chr22	40108142	80	9	0
chr2	240467098	88	1	0
chr22	40586892	86	3	0
chr22	40586898	87	2	0
chr22	40586899	64	25	0
chr22	40586901	81	8	0
chr22	40586902	85	4	0
chr22	40586907	88	1	0
chr22	40586942	79	10	0
chr22	40586945	88	1	0
chr22	42628418	77	12	0
chr22	42628450	86	3	0
chr22	42628462	88	1	0
chr22	42628465	87	2	0
chr22	42628471	88	1	0
chr22	42628475	88	1	0
chr22	44519136	88	1	0
chr22	44519150	88	1	0
chr22	44519181	88	1	0
chr22	46401524	82	7	0
chr22	46401548	88	1	0
chr22	46401556	88	1	0
chr22	47408548	88	1	0
chr22	47408618	88	1	0
chr22	47408641	88	1	0
chr2	26184752	88	1	0
chr2	28642455	86	3	0
chr2	28642472	88	1	0
chr2	28723272	88	1	0
chr2	29209690	21	68	0
chr2	29209704	79	10	0
chr2	29220725	6	83	0
chr2	29220739	86	3	0
chr2	29220818	88	1	0
chr2	49296058	88	1	0
chr2	49296130	88	1	0
chr2	57061310	81	8	0
chr2	78760071	86	3	0
chr2	78760113	88	1	0
chr2	84438976	88	1	0
chr2	87521298	88	1	0
chr2	87521364	88	1	0
chr2	92081495	88	1	0
chr2	92081502	88	1	0
chr2	92081519	88	1	0
chr2	92081530	88	1	0
chr2	92081536	88	1	0
chr2	92081555	88	1	0
chr2	92081569	88	1	0
chr2	92081578	88	1	0
chr2	92081612	88	1	0
chr2	92081631	88	1	0
chr2	92081642	88	1	0
chr2	92081646	88	1	0
chr2	92081654	88	1	0
chr2	92081664	88	1	0
chr2	92081668	88	1	0
chr2	92081672	88	1	0
chr2	92081681	88	1	0
chr2	92081687	88	1	0
chr2	92081690	88	1	0
chr2	92081697	88	1	0
chr2	92081703	88	1	0
chr2	92081705	88	1	0
chr2	92081707	88	1	0
chr2	92081716	88	1	0
chr2	92081719	88	1	0
chr2	92081726	88	1	0
chr2	92081734	88	1	0
chr2	92081752	88	1	0
chr2	92081754	88	1	0
chr2	92081766	88	1	0
chr2	92081779	88	1	0
chr2	92081789	88	1	0
chr2	92081791	88	1	0
chr2	92081795	88	1	0
chr2	92081802	88	1	0
chr2	92081809	88	1	0
chr2	92081850	88	1	0
chr2	9388469	88	1	0
chr2	9388474	88	1	0
chr3	10142069	31	58	0
chr3	10142071	88	1	0
chr3	10142077	69	20	0
chr3	10142139	88	1	0
chr3	10142183	88	1	0
chr3	10142189	74	15	0
chr3	10146489	27	62	0
chr3	10146499	88	1	0
chr3	10146500	66	23	0
chr3	10146614	88	1	0
chr3	10146618	88	1	0
chr3	10149725	4	85	0
chr3	10149734	86	3	0
chr3	10149749	88	1	0
chr3	10149781	88	1	0
chr3	113208706	88	1	0
chr3	126496389	86	3	0
chr3	126496422	88	1	0
chr3	13185351	84	5	0
chr3	13185396	88	1	0
chr3	13185479	88	1	0
chr3	140728890	88	1	0
chr3	140728897	88	1	0
chr3	140728908	88	1	0
chr3	156100233	88	1	0
chr3	156100245	88	1	0
chr3	156100252	88	1	0
chr3	156100256	88	1	0
chr3	156100274	88	1	0
chr3	156100292	88	1	0
chr3	156100306	88	1	0
chr3	179198976	17	72	0
chr3	179198994	88	1	0
chr3	179199002	88	1	0
chr3	179199070	88	1	0
chr3	179199107	85	4	0
chr3	179199111	83	6	0
chr3	179199128	73	16	0
chr3	179199140	31	58	0
chr3	179199218	68	21	0
chr3	179203666	88	1	0
chr3	179203673	5	84	0
chr3	179209602	5	84	0
chr3	179209617	88	1	0
chr3	179209623	82	7	0
chr3	179209702	88	1	0
chr3	179210111	27	62	0
chr3	179210117	88	1	0
chr3	179210118	87	2	0
chr3	179210121	88	1	0
chr3	179210132	88	1	0
chr3	179210165	87	2	0
chr3	179210167	87	2	0
chr3	179210172	87	2	0
chr3	179210178	87	2	0
chr3	179210183	87	2	0
chr3	179210185	88	1	0
chr3	179210205	88	1	0
chr3	179210210	87	2	0
chr3	179210269	5	84	0
chr3	179210278	86	3	0
chr3	179218221	2	87	0
chr3	179218234	88	1	0
chr3	179218254	88	1	0
chr3	179218307	88	1	0
chr3	179230018	86	3	0
chr3	179230019	4	85	0
chr3	179230029	88	1	0
chr3	179234196	4	85	0
chr3	179234206	88	1	0
chr3	179234233	88	1	0
chr3	179234321	88	1	0
chr3	179234327	88	1	0
chr3	179234328	35	54	0
chr3	179234334	82	7	0
chr3	179234337	88	1	0
chr3	179234338	73	16	0
chr3	179234342	84	5	0
chr3	179234344	75	14	0
chr3	179234354	88	1	0
chr3	37025704	2	87	0
chr3	37025715	88	1	0
chr3	37025858	88	1	0
chr3	41224523	18	71	0
chr3	41224536	77	12	0
chr3	41224549	87	2	0
chr3	41224612	88	1	0
chr3	45217639	87	2	0
chr3	47887486	88	1	0
chr3	47887492	87	2	0
chr3	47887511	87	2	0
chr3	47887521	88	1	0
chr3	47887525	87	2	0
chr3	47887830	87	2	0
chr3	47887854	88	1	0
chr3	47887882	88	1	0
chr3	47887907	87	2	0
chr3	47887915	87	2	0
chr3	47887925	87	2	0
chr3	47887936	88	1	0
chr3	47887954	88	1	0
chr3	49564011	71	18	0
chr3	49564039	88	1	0
chr3	49564058	88	1	0
chr3	49564060	87	2	0
chr3	49564072	70	19	0
chr3	51354673	86	3	0
chr3	51354722	88	1	0
chr4	111768458	88	1	0
chr4	111768480	88	1	0
chr4	111768519	88	1	0
chr4	139692268	83	6	0
chr4	139692296	88	1	0
chr4	139885835	87	2	0
chr4	146113960	54	35	0
chr4	146113988	88	1	0
chr4	146113990	87	2	0
chr4	146114008	68	21	0
chr4	152324246	88	1	0
chr4	152324248	15	74	0
chr4	152326105	48	41	0
chr4	152326112	88	1	0
chr4	152326113	85	4	0
chr4	152326114	55	34	0
chr4	152326232	82	7	0
chr4	152328201	3	86	0
chr4	152329689	1	88	0
chr4	152329700	88	1	0
chr4	152329782	88	1	0
chr4	152337734	4	85	0
chr4	152337749	88	1	0
chr4	165351828	88	1	0
chr4	165351832	88	1	0
chr4	176936701	88	1	0
chr4	176936722	88	1	0
chr4	176936737	88	1	0
chr4	176936774	88	1	0
chr4	176936826	88	1	0
chr4	1801815	3	86	0
chr4	1801823	88	1	0
chr4	1803824	78	11	0
chr4	1803832	34	55	0
chr4	1803842	87	2	0
chr4	1803847	84	5	0
chr4	1803853	88	1	0
chr4	1803868	88	1	0
chr4	1803876	88	1	0
chr4	1803880	88	1	0
chr4	1803882	88	1	0
chr4	1803891	88	1	0
chr4	1803895	88	1	0
chr4	1803938	88	1	0
chr4	1803962	88	1	0
chr4	1803975	87	2	0
chr4	1803980	40	49	0
chr4	1804346	88	1	0
chr4	1804352	88	1	0
chr4	1804353	15	74	0
chr4	1804405	88	1	0
chr4	1804465	86	3	0
chr4	1806089	2	87	0
chr4	1806168	11	78	0
chr4	1806196	85	4	0
chr4	1806579	2	87	0
chr4	1806586	88	1	0
chr4	1807142	11	78	0
chr4	1807148	88	1	0
chr4	1807153	58	31	0
chr4	1807271	88	1	0
chr4	2044849	87	2	0
chr4	26482161	88	1	0
chr4	49092141	88	1	0
chr4	49092148	88	1	0
chr4	49637653	88	1	0
chr4	49637656	88	1	0
chr4	49637671	88	1	0
chr4	49637673	88	1	0
chr4	49637678	88	1	0
chr4	49637682	88	1	0
chr4	49637692	88	1	0
chr4	49637700	88	1	0
chr4	49637711	88	1	0
chr4	49637717	88	1	0
chr4	49637748	88	1	0
chr4	54274803	10	79	0
chr4	54274812	82	7	0
chr4	54274854	88	1	0
chr4	54274858	88	1	0
chr4	54274869	88	1	0
chr4	54274889	9	80	0
chr4	54277925	6	83	0
chr4	54277934	88	1	0
chr4	54278360	5	84	0
chr4	54278371	88	1	0
chr4	54285837	71	18	0
chr4	54285846	31	58	0
chr4	54285856	88	1	0
chr4	54285874	72	17	0
chr4	54695485	86	3	0
chr4	54695486	15	74	0
chr4	54695509	87	2	0
chr4	54725979	7	82	0
chr4	54725991	87	2	0
chr4	54726088	88	1	0
chr4	54727241	2	87	0
chr4	54727251	88	1	0
chr4	54727299	77	12	0
chr4	54727316	77	12	0
chr4	54727384	52	37	0
chr4	54727396	54	35	0
chr4	54727400	83	6	0
chr4	54727406	88	1	0
chr4	54727408	68	21	0
chr4	54727988	74	15	0
chr4	54727989	82	7	0
chr4	54727992	88	1	0
chr4	54728000	88	1	0
chr4	54728001	35	54	0
chr4	54729317	16	73	0
chr4	54729326	88	1	0
chr4	54729327	80	9	0
chr4	54729390	88	1	0
chr4	54731263	85	4	0
chr4	54731264	18	71	0
chr4	54731384	86	3	0
chr4	54731388	87	2	0
chr4	54733101	15	74	0
chr4	54733112	85	4	0
chr4	54733197	88	1	0
chr4	54736494	3	86	0
chr4	54736506	88	1	0
chr4	54736596	87	2	0
chr4	54736602	88	1	0
chr4	54736606	88	1	0
chr4	55079910	5	84	0
chr4	55079921	86	3	0
chr4	55080005	82	7	0
chr4	55080078	18	71	0
chr4	55080188	82	7	0
chr4	55080213	87	2	0
chr4	55080219	80	9	0
chr4	55087592	23	66	0
chr4	55087604	88	1	0
chr4	55087605	81	8	0
chr4	55088906	6	83	0
chr4	55094800	3	86	0
chr4	55094808	86	3	0
chr4	55096268	1	88	0
chr4	55096379	87	2	0
chr4	55096395	88	1	0
chr4	55106774	3	86	0
chr4	55106785	88	1	0
chr4	55106808	49	40	0
chr4	55113381	43	46	0
chr4	55113390	52	37	0
chr4	55113405	88	1	0
chr4	55114060	17	72	0
chr4	55114070	74	15	0
chr4	55114072	88	1	0
chr4	55114073	31	58	0
chr4	55114163	87	2	0
chr4	834673	88	1	0
chr4	834711	88	1	0
chr4	84601452	88	1	0
chr4	84601461	87	2	0
chr4	84601479	87	2	0
chr4	84601522	88	1	0
chr4	84601525	88	1	0
chr4	84601836	87	2	0
chr4	84601839	88	1	0
chr4	84601855	87	2	0
chr4	87104180	87	2	0
chr5	106904383	88	1	0
chr5	106904390	88	1	0
chr5	106904415	88	1	0
chr5	106904421	88	1	0
chr5	106904424	85	4	0
chr5	106904427	83	6	0
chr5	106904443	84	5	0
chr5	106904446	88	1	0
chr5	106904449	88	1	0
chr5	106904451	85	4	0
chr5	106904453	87	2	0
chr5	106904454	88	1	0
chr5	106904459	87	2	0
chr5	106904477	86	3	0
chr5	106904481	88	1	0
chr5	112838168	11	78	0
chr5	112838174	86	3	0
chr5	112838847	5	84	0
chr5	112838860	86	3	0
chr5	112838921	87	2	0
chr5	112839432	7	82	0
chr5	112839444	87	2	0
chr5	112839477	87	2	0
chr5	112839530	88	1	0
chr5	112839568	87	2	0
chr5	112839605	4	85	0
chr5	112839618	88	1	0
chr5	112839702	88	1	0
chr5	112839737	88	1	0
chr5	112839858	3	86	0
chr5	112839870	88	1	0
chr5	112840032	86	3	0
chr5	112840039	88	1	0
chr5	112840040	87	2	0
chr5	112840041	61	28	0
chr5	112840074	11	78	0
chr5	112840210	6	83	0
chr5	112840221	88	1	0
chr5	112840296	88	1	0
chr5	150054016	3	86	0
chr5	150054030	88	1	0
chr5	150054035	6	83	0
chr5	150073415	6	83	0
chr5	150073426	84	5	0
chr5	151366561	77	12	0
chr5	159819766	88	1	0
chr5	16179086	88	1	0
chr5	16179144	88	1	0
chr5	165876993	88	1	0
chr5	165877029	88	1	0
chr5	171410487	12	77	0
chr5	171410493	88	1	0
chr5	171410495	85	4	0
chr5	171410499	88	1	0
chr5	171410501	88	1	0
chr5	171410508	85	4	0
chr5	171410510	30	59	0
chr5	171410514	88	1	0
chr5	173629682	86	3	0
chr5	173629754	88	1	0
chr5	173629758	88	1	0
chr5	173629792	88	1	0
chr5	177536716	84	5	0
chr5	179311394	80	9	0
chr5	179311426	88	1	0
chr5	179311508	88	1	0
chr5	179311578	80	9	0
chr5	179311603	86	3	0
chr5	179966769	88	1	0
chr5	180193122	88	1	0
chr5	180193152	88	1	0
chr5	180312045	88	1	0
chr5	180312115	88	1	0
chr5	180312133	88	1	0
chr5	180374258	26	63	0
chr5	180374270	88	1	0
chr5	180374292	88	1	0
chr5	180374295	88	1	0
chr5	180374305	88	1	0
chr5	180374348	88	1	0
chr5	180374386	88	1	0
chr5	180374452	87	2	0
chr5	26612097	88	1	0
chr5	62694656	72	17	0
chr5	62694696	88	1	0
chr5	6424123	88	1	0
chr5	6424250	88	1	0
chr5	6508249	88	1	0
chr5	6508253	88	1	0
chr5	6508316	88	1	0
chr5	90331322	30	59	0
chr5	90331346	88	1	0
chr5	90331351	87	2	0
chr5	92722864	88	1	0
chr5	92722871	88	1	0
chr5	92722875	88	1	0
chr5	95291339	86	3	0
chr6	102973604	88	1	0
chr6	113541117	88	1	0
chr6	131790918	88	1	0
chr6	136038187	88	1	0
chr6	168127943	86	3	0
chr6	169214328	85	4	0
chr6	169214346	88	1	0
chr6	169214417	88	1	0
chr6	169214419	88	1	0
chr6	169214420	88	1	0
chr6	24787050	86	3	0
chr6	24787060	88	1	0
chr6	30657844	47	42	0
chr6	30657845	86	3	0
chr6	30657847	73	16	0
chr6	30657849	83	6	0
chr6	30657852	75	14	0
chr6	30657855	85	4	0
chr6	30657875	88	1	0
chr6	31386363	58	31	0
chr6	31386371	88	1	0
chr6	31386389	81	8	0
chr6	31386391	81	8	0
chr6	31386406	79	10	0
chr6	31386460	88	1	0
chr6	31386462	87	2	0
chr6	31386465	88	1	0
chr6	31386478	88	1	0
chr6	31386493	88	1	0
chr6	31386507	82	7	0
chr6	31386509	88	1	0
chr6	31386511	77	12	0
chr6	31386515	77	12	0
chr6	35319601	87	2	0
chr6	35319672	88	1	0
chr6	54770595	85	4	0
chr6	54770601	79	10	0
chr6	54770620	80	9	0
chr6	68195538	88	1	0
chr6	68195584	88	1	0
chr6	77222483	88	1	0
chr7	111115735	86	3	0
chr7	116699552	3	86	0
chr7	116699559	86	3	0
chr7	116699573	88	1	0
chr7	116699575	88	1	0
chr7	116699589	88	1	0
chr7	116699591	88	1	0
chr7	116699619	80	9	0
chr7	116700083	3	86	0
chr7	116700099	88	1	0
chr7	116700209	85	4	0
chr7	116700227	88	1	0
chr7	116763062	17	72	0
chr7	116763072	76	13	0
chr7	116763176	88	1	0
chr7	116771810	30	59	0
chr7	116771819	67	22	0
chr7	116771870	85	4	0
chr7	116771937	82	7	0
chr7	116771953	87	2	0
chr7	116777363	3	86	0
chr7	116777373	87	2	0
chr7	116783338	43	46	0
chr7	116783341	87	2	0
chr7	116783347	70	19	0
chr7	116783423	88	1	0
chr7	128655288	88	1	0
chr7	128655306	88	1	0
chr7	128655310	88	1	0
chr7	129205211	7	82	0
chr7	129205220	88	1	0
chr7	129206109	80	9	0
chr7	129206113	88	1	0
chr7	129206114	88	1	0
chr7	129206115	23	66	0
chr7	129206162	88	1	0
chr7	129206485	2	87	0
chr7	129206496	87	2	0
chr7	129210413	60	29	0
chr7	129210418	84	5	0
chr7	129210421	88	1	0
chr7	129210422	88	1	0
chr7	129210423	63	26	0
chr7	129211655	1	88	0
chr7	135086	88	1	0
chr7	140699060	88	1	0
chr7	140699159	88	1	0
chr7	140699165	88	1	0
chr7	140699206	88	1	0
chr7	140699208	88	1	0
chr7	140753292	7	82	0
chr7	140753301	84	5	0
chr7	140753314	88	1	0
chr7	140781580	15	74	0
chr7	140781591	87	2	0
chr7	140782077	88	1	0
chr7	140782081	88	1	0
chr7	140782086	88	1	0
chr7	140782103	88	1	0
chr7	140782124	88	1	0
chr7	148811601	2	87	0
chr7	148811700	88	1	0
chr7	148811723	88	1	0
chr7	155214574	81	8	0
chr7	155214576	81	8	0
chr7	155214579	70	19	0
chr7	155214580	88	1	0
chr7	155214588	44	45	0
chr7	155214597	88	1	0
chr7	155214657	87	2	0
chr7	157455332	88	1	0
chr7	2597721	87	2	0
chr7	2605016	86	3	0
chr7	2605046	87	2	0
chr7	2605053	87	2	0
chr7	2721081	76	13	0
chr7	2721083	49	40	0
chr7	2721110	88	1	0
chr7	2721117	50	39	0
chr7	2721149	88	1	0
chr7	2721151	88	1	0
chr7	2721155	88	1	0
chr7	2721157	88	1	0
chr7	2721160	88	1	0
chr7	2721185	72	17	0
chr7	30580767	87	2	0
chr7	30580796	87	2	0
chr7	30580802	87	2	0
chr7	30580819	88	1	0
chr7	30580821	87	2	0
chr7	30580825	87	2	0
chr7	30580831	87	2	0
chr7	30580834	87	2	0
chr7	30580838	87	2	0
chr7	33063451	85	4	0
chr7	33063459	68	21	0
chr7	33063477	88	1	0
chr7	33063481	88	1	0
chr7	33063487	88	1	0
chr7	39891547	86	3	0
chr7	39891590	88	1	0
chr7	39891636	88	1	0
chr7	43644080	88	1	0
chr7	43644130	88	1	0
chr7	55143343	5	84	0
chr7	55154080	74	15	0
chr7	55154087	26	63	0
chr7	55154098	83	6	0
chr7	55154163	87	2	0
chr7	55165255	57	32	0
chr7	55165260	85	4	0
chr7	55165263	88	1	0
chr7	55165264	75	14	0
chr7	55165266	67	22	0
chr7	55173926	78	11	0
chr7	55173934	87	2	0
chr7	55173936	26	63	0
chr7	55173984	88	1	0
chr7	55173996	88	1	0
chr7	55174706	9	80	0
chr7	55174717	85	4	0
chr7	55174848	88	1	0
chr7	55181258	78	11	0
chr7	55181270	18	71	0
chr7	55181286	88	1	0
chr7	55181365	88	1	0
chr7	55181371	18	71	0
chr7	55181415	3	86	0
chr7	55181506	88	1	0
chr7	55181508	88	1	0
chr7	55191801	86	3	0
chr7	55191808	16	73	0
chr7	7968877	87	2	0
chr7	7968885	57	32	0
chr7	7968893	88	1	0
chr7	7968904	88	1	0
chr7	7968911	88	1	0
chr7	7968923	88	1	0
chr7	7968926	88	1	0
chr7	7968928	88	1	0
chr7	98091874	88	1	0
chr7	98091883	88	1	0
chr7	98091889	88	1	0
chr7	98091898	88	1	0
chr7	98091900	88	1	0
chr7	98091922	88	1	0
chr8	110809688	61	28	0
chr8	110809703	88	1	0
chr8	110809714	87	2	0
chr8	110809774	88	1	0
chr8	110809799	88	1	0
chr8	110809815	87	2	0
chr8	11742088	88	1	0
chr8	122898826	20	69	0
chr8	122898841	46	43	0
chr8	122898853	88	1	0
chr8	122898874	79	10	0
chr8	122898875	87	2	0
chr8	122898878	88	1	0
chr8	122898882	88	1	0
chr8	122898909	88	1	0
chr8	122898913	73	16	0
chr8	140565542	88	1	0
chr8	140565558	88	1	0
chr8	140565561	88	1	0
chr8	140565567	88	1	0
chr8	140565572	88	1	0
chr8	140997840	88	1	0
chr8	140997866	88	1	0
chr8	140997871	88	1	0
chr8	140997874	88	1	0
chr8	140997877	88	1	0
chr8	140997892	88	1	0
chr8	142433582	88	1	0
chr8	142433584	88	1	0
chr8	142433595	88	1	0
chr8	142433628	88	1	0
chr8	142433703	88	1	0
chr8	143497641	71	18	0
chr8	143789000	21	68	0
chr8	143789032	87	2	0
chr8	143789045	88	1	0
chr8	143789072	88	1	0
chr8	143789076	88	1	0
chr8	144499554	84	5	0
chr8	144499578	84	5	0
chr8	144499581	88	1	0
chr8	144499589	86	3	0
chr8	144499591	86	3	0
chr8	144499600	88	1	0
chr8	144499616	88	1	0
chr8	144499633	88	1	0
chr8	144499643	88	1	0
chr8	37966234	87	2	0
chr8	37966303	88	1	0
chr8	38424599	88	1	0
chr8	38424607	4	85	0
chr8	38424620	88	1	0
chr8	38428329	17	72	0
chr8	60693489	82	7	0
chr8	60693492	88	1	0
chr8	60693534	88	1	0
chr8	60693544	88	1	0
chr8	73393107	83	6	0
chr8	73393128	88	1	0
chr8	73393136	88	1	0
chr9	106077692	78	11	0
chr9	106077700	88	1	0
chr9	106077776	87	2	0
chr9	106077920	88	1	0
chr9	113603280	88	1	0
chr9	123353806	61	28	0
chr9	123353815	88	1	0
chr9	123353823	88	1	0
chr9	123353827	87	2	0
chr9	123353842	87	2	0
chr9	128393507	88	1	0
chr9	128393554	88	1	0
chr9	128393569	88	1	0
chr9	128393578	88	1	0
chr9	130862891	88	1	0
chr9	130862898	71	18	0
chr9	130862899	23	66	0
chr9	130862998	88	1	0
chr9	130872051	88	1	0
chr9	130872052	18	71	0
chr9	130872082	88	1	0
chr9	130872102	88	1	0
chr9	130872113	88	1	0
chr9	130872158	88	1	0
chr9	130872891	3	86	0
chr9	130872964	88	1	0
chr9	130874910	3	86	0
chr9	130874919	87	2	0
chr9	133235935	36	53	0
chr9	135604543	87	2	0
chr9	135604547	88	1	0
chr9	135604637	87	2	0
chr9	135604656	88	1	0
chr9	135604660	88	1	0
chr9	135604663	88	1	0
chr9	135604665	88	1	0
chr9	135604683	88	1	0
chr9	136368040	87	2	0
chr9	136368064	87	2	0
chr9	136368127	88	1	0
chr9	136496307	88	1	0
chr9	136496311	6	83	0
chr9	136503299	6	83	0
chr9	136503308	87	2	0
chr9	136504874	2	87	0
chr9	136504928	88	1	0
chr9	137864040	88	1	0
chr9	21970928	13	76	0
chr9	21970939	78	11	0
chr9	21970971	88	1	0
chr9	21971011	88	1	0
chr9	21971076	88	1	0
chr9	21971085	2	87	0
chr9	21971122	88	1	0
chr9	21971162	88	1	0
chr9	22006124	26	63	0
chr9	22006261	44	45	0
chr9	22006266	40	49	0
chr9	33675746	70	19	0
chr9	33675753	72	17	0
chr9	33675778	88	1	0
chr9	33675786	84	5	0
chr9	33675790	84	5	0
chr9	33675799	88	1	0
chr9	33675800	88	1	0
chr9	33675803	88	1	0
chr9	33675805	87	2	0
chr9	33675819	87	2	0
chr9	33675830	88	1	0
chr9	33675853	86	3	0
chr9	33675858	84	5	0
chr9	33675872	88	1	0
chr9	33675900	88	1	0
chr9	33675997	88	1	0
chr9	33676075	87	2	0
chr9	33676086	81	8	0
chr9	33676097	77	12	0
chr9	33676099	42	47	0
chr9	33676138	88	1	0
chr9	33676140	88	1	0
chr9	33676153	87	2	0
chr9	33676162	87	2	0
chr9	33676166	87	2	0
chr9	33676176	82	7	0
chr9	33676183	87	2	0
chr9	33676216	86	3	0
chr9	33676219	85	4	0
chr9	33676220	88	1	0
chr9	33676229	88	1	0
chr9	33676322	88	1	0
chr9	37109809	88	1	0
chr9	37109821	88	1	0
chr9	37109824	88	1	0
chr9	37109854	88	1	0
chr9	5073724	2	87	0
chr9	5073847	88	1	0
chr9	64698613	88	1	0
chr9	64698623	88	1	0
chr9	64698646	88	1	0
chr9	64698669	88	1	0
chr9	64698682	88	1	0
chr9	77794441	65	24	0
chr9	77794450	17	72	0
chr9	83683314	88	1	0
chr9	83683320	88	1	0
chr9	83683354	88	1	0
chr9	89356586	58	31	0
chr9	89356626	82	7	0
chr9	89356627	87	2	0
chr9	89356628	87	2	0
chr9	89356631	79	10	0
chr9	89356634	80	9	0
chr9	89356636	87	2	0
chr9	89356638	84	5	0
chr9	89356639	88	1	0
chr9	89356640	85	4	0
chr9	89356641	85	4	0
chr9	89356642	85	4	0
chr9	89356644	86	3	0
chr9	89356645	88	1	0
chr9	89356647	86	3	0
chr9	89356648	87	2	0
chr9	89356650	78	11	0
chr9	89356651	88	1	0
chr9	89356715	88	1	0
chr9	89356727	88	1	0
chr9	89356742	68	21	0
chr9	89356746	88	1	0
chr9	89395328	88	1	0
chrX	109180597	88	1	0
chrX	109180654	88	1	0
chrX	109180659	88	1	0
chrX	135435598	71	18	0
chrX	135435627	88	1	0
chrX	135435635	88	1	0
chrX	140011804	88	1	0
chrX	140011810	88	1	0
chrX	17489495	88	1	0
chrX	45105822	87	2	0
chrX	72108741	88	1	0
chrY	11302995	88	1	0
chrY	11303038	88	1	0
chrY	11334075	88	1	0
chrY	11334081	88	1	0
chrY	11334085	88	1	0
chrY	11334092	88	1	0
chrY	11334101	88	1	0
chrY	11334103	88	1	0
